    0.1502         0         0         0         0         0         0         0         0         0
    0.1146    0.0789         0         0    0.0470         0         0         0         0         0
    0.1059         0         0         0         0         0         0         0         0         0
    0.1011         0         0         0         0         0         0         0         0         0
    0.0953         0         0         0         0         0         0         0         0         0
    0.0950         0         0         0         0         0         0         0         0         0
    0.0948         0         0         0         0         0         0         0         0         0
    0.0820         0         0         0         0         0         0         0         0         0
    0.0808         0         0         0         0         0         0         0         0         0
    0.0804         0         0         0         0         0    0.0834         0         0         0
         0    0.1403    0.0932    0.1853    0.1659         0    0.2291    0.1076    0.1090    0.2740
         0    0.1286    0.0804    0.1210    0.1746    0.1722         0    0.1913    0.2084    0.1885
         0    0.1275         0         0    0.1613    0.1251         0    0.1010         0         0
         0    0.1031         0         0    0.0605    0.0636         0    0.1555    0.1104    0.0825
         0    0.0990         0    0.0945    0.0618         0    0.0572         0         0         0
         0    0.0919         0         0         0         0         0         0         0         0
         0    0.0848         0         0         0         0         0    0.0572         0    0.0474
         0    0.0762         0         0    0.0624         0         0         0         0    0.0394
         0    0.0697         0         0         0         0         0         0         0         0
         0         0    0.1472         0         0         0         0         0         0         0
         0         0    0.1268         0         0         0         0         0         0         0
         0         0    0.1139         0         0         0         0         0         0         0
         0         0    0.0989         0         0         0         0         0         0         0
         0         0    0.0934         0         0         0         0         0         0         0
         0         0    0.0877         0         0         0         0         0         0         0
         0         0    0.0852         0         0         0         0         0         0         0
         0         0    0.0734         0         0         0         0         0         0         0
         0         0         0    0.1575    0.1257         0         0         0    0.0850    0.1409
         0         0         0    0.0924         0         0         0         0         0         0
         0         0         0    0.0771         0         0         0         0         0         0
         0         0         0    0.0771         0         0         0         0         0         0
         0         0         0    0.0722         0         0         0         0         0         0
         0         0         0    0.0649         0         0         0    0.0656    0.1283         0
         0         0         0    0.0579         0         0         0         0         0         0
         0         0         0         0    0.0765         0         0         0    0.0711    0.0677
         0         0         0         0    0.0642    0.0606         0         0         0    0.0703
         0         0         0         0         0    0.1546         0         0         0         0
         0         0         0         0         0    0.1093         0         0         0         0
         0         0         0         0         0    0.1021         0         0         0         0
         0         0         0         0         0    0.0828         0         0         0         0
         0         0         0         0         0    0.0667         0         0         0         0
         0         0         0         0         0    0.0630    0.0703         0         0         0
         0         0         0         0         0         0    0.1243         0         0         0
         0         0         0         0         0         0    0.1138         0         0         0
         0         0         0         0         0         0    0.1093         0         0         0
         0         0         0         0         0         0    0.0943         0         0         0
         0         0         0         0         0         0    0.0607         0         0         0
         0         0         0         0         0         0    0.0576         0         0         0
         0         0         0         0         0         0         0    0.1278         0         0
         0         0         0         0         0         0         0    0.0759    0.0809         0
         0         0         0         0         0         0         0    0.0602         0         0
         0         0         0         0         0         0         0    0.0578         0         0
         0         0         0         0         0         0         0         0    0.0712         0
         0         0         0         0         0         0         0         0    0.0690         0
         0         0         0         0         0         0         0         0    0.0666         0
         0         0         0         0         0         0         0         0         0    0.0467
         0         0         0         0         0         0         0         0         0    0.0427