8.28	25.65	11.5	27.05	5.72	5.6	27.33	5.32	17.77	3.01	55.18	598.98	35.8	49.94	23.9	15.94	22.48	14.14	9.56	11.13	34.4	66.46	103.78	21.05	19.56	59.8	29.68	24.57	29.32	72.86	11.6	12.67	36.44	15.84	52.97	14.74	5.61	3.59	170.1	29.01	20.93	36.03	7.9	11.71	17.37	28.44	2.48	8.05	39.6	50.38	29.89	13.53	14.28	19.52	7.4	16.8	59.8
7.94	25.32	11.27	26.41	5.65	5.5	26.35	5.37	17.69	3.05	55.68	590	35.92	48.96	24.07	15.36	22.3	13.45	9.02	10.96	34.11	67.19	101.32	20.74	18.78	59.2	29.09	24.88	29.39	73.09	11.52	12.7	36.2	15.53	51.07	14.85	5.63	3.95	167.92	28.6	19.21	36.01	7.9	11.9	17.48	27.55	2.45	7.93	38.13	49.7	30.11	13.45	14.07	19	7.22	16.97	56.98
8.08	25.91	11.47	26.5	5.79	5.63	26.61	5.46	18.07	3.08	56.59	602	36.65	49.54	24.93	15.9	22.52	13.21	9.54	11.17	34.75	69.51	101.58	22.23	19.2	60.73	29.84	25.51	30.22	75.26	11.65	13.07	36.99	16.16	54.35	15.2	5.6	4.35	172.5	29.8	20.58	36.52	7.92	12.23	17.94	28.45	2.53	8.07	38.97	49.82	31.27	13.59	14.01	18.94	7.55	17	57.1
8.5	27.16	11.69	27.17	6.06	5.71	26.7	5.49	18.05	3.08	56.3	605.49	36.48	49.31	25.05	15.9	22.77	13.71	9.75	11.41	34.4	72.42	101.73	22.34	20.02	62.9	29.81	25.52	30.56	76.16	11.74	13.23	36.99	16.47	53.57	15.17	5.59	4.79	175.48	31.52	21	38.36	7.95	12.16	18.43	28.75	2.57	8.14	38.72	49.78	31.18	13.42	13.95	18.95	8	17.6	58.1
8.48	27.2	11.77	28.13	6.15	5.64	25.6	5.47	18.42	3.04	55.8	604.79	36.34	49.02	25	16.41	22.6	13.91	9.6	11.37	34.1	71.27	99.5	22.06	19.9	61.2	29.99	25.22	30.13	74.5	11.73	13.08	36.86	16.25	53.98	15.23	5.58	5.18	175.5	31.07	20.54	38	8.07	11.99	18.5	28.79	2.83	8.1	38.77	49.84	31.41	13.26	13.94	19.05	8.14	17.64	59.6
8.31	28.13	11.99	27.7	6.11	5.75	26.3	5.48	18.47	3.06	56.95	616.12	37.51	50.03	25.33	16.48	22.8	13.99	10.02	11.75	34.17	71.75	102.98	22.05	19.92	62.12	29.87	25.7	29.32	71.36	12.12	13.07	39	16.34	55.53	15.36	5.85	4.85	178.83	30.6	21.2	37.79	8.06	12.14	19.03	30.76	2.82	8.11	39.49	50.69	31.31	14	14.06	19.25	8.13	17.56	60.9
8.92	28.33	12.21	27.77	6.4	5.93	26.01	5.47	18.46	3.07	57.5	618.77	37.76	49.86	25.11	16.48	23.1	14.91	10.14	11.65	32.75	71.6	103.32	21.32	20.07	61.12	29.46	25.85	29.31	70.95	12.03	13.19	39.29	15.97	56.27	15.33	5.72	4.85	177.1	30.03	20.59	38.15	8.02	12	20.93	30.55	2.7	8.04	38.81	49.8	30.62	13.96	13.93	19.6	8.06	17.88	60.1
8.75	28.45	12.23	28.19	6.4	6	26.11	5.51	18.51	3.05	58.07	635.88	37.73	50.69	25.3	16.61	23.51	14.75	10.26	11.63	32.36	72.3	104.91	21.64	20.51	61.23	29.09	26.46	29.53	71.02	12.17	13.24	39.84	16.11	55.95	15.4	5.74	4.76	178.03	30.22	20.47	37.95	8.14	11.99	20.04	30.91	2.74	8.19	39.3	49.1	30.91	14.07	13.93	19.6	8.13	17.84	60.68
8.75	28.02	12.24	27.76	6.33	5.9	24.92	5.47	18.62	3.05	57.12	624.6	37.68	49.59	25.02	16	23.19	14.82	10.23	11.34	29.13	69.38	104.1	21.32	20.09	58.48	29	26.31	29.62	71.07	12.1	12.87	39.45	15.8	54.33	15.23	5.75	4.85	169.91	30.3	19.88	36.85	8.21	11.77	20.34	31.13	2.84	8.38	38.47	47.88	30.56	13.95	13.78	18.99	8.2	17.47	58.6
9.1	29.43	12.77	28.36	6.34	5.94	24.93	5.53	18.67	3.05	58.59	659.98	38.78	52.97	25.16	16.5	24.1	15.04	10.14	11.6	29.32	68.7	104.98	21.7	20.6	60.1	30.24	26.8	29.97	71.69	12.28	13.13	41	16.33	56.44	15.43	5.82	4.75	183	30.04	19.76	36.77	8.26	11.68	21.52	32.02	2.97	8.43	41.83	48.37	31.43	14.66	14.07	19.19	8.27	17.52	60.78
9.17	29.18	12.57	28.06	6.31	5.88	25.6	5.54	18.6	2.99	58.74	661.1	39.31	52.2	25.42	16.23	24	14.92	10.48	10.44	30.36	71.98	105.69	23.03	20.31	60.8	30.49	26.85	29.55	70.81	12.12	13.13	41.2	16.6	57.47	15.47	5.8	4.77	184.94	29.85	19.81	36.85	8.29	11.86	21.26	32.32	2.87	8.47	41.11	47.48	32.46	14.63	14.41	19	8.51	17.89	61.13
9.26	29.07	12.07	27.58	6.48	6.01	25.95	5.54	18.45	3	58.73	659.25	38.66	51.92	24.97	15.97	24.07	14.92	10.45	10.06	29.45	70.1	105.75	22.75	20.01	60.24	30.5	26.47	28.87	68.02	11.95	12.78	40.91	16.36	57.36	15.35	5.69	4.72	185.8	29.81	19.28	35.89	8.13	11.77	20.85	31.77	2.83	8.53	41.08	47.65	32.27	14.62	14.3	18.9	8.8	18.04	60.8
9.74	29.46	12.32	27.53	6.45	6.07	25.7	5.64	19.01	3.03	59.92	683.61	38.97	53.88	25.76	15.85	24.45	15.09	10.64	9.54	30.83	72.1	109.5	22.41	19.98	61.32	31.1	27.1	29.78	69.53	12.05	13	42.08	16.43	59.17	15.68	5.69	4.61	193.35	32.79	19.3	34.85	8.15	12.07	22.27	32.05	2.78	8.64	42.2	49.99	32.81	15.14	15.01	18.9	8.81	18	59.43
9.58	29.3	12.53	28.92	6.44	6.07	25.49	5.6	19.55	3.01	60.79	686.98	39.48	56	25.65	15.64	24.78	15.06	10.69	10.08	30.95	71.55	111.11	22.57	21.04	67.45	32.2	27.33	30.19	70.03	12.07	13	42.09	16.72	59.07	15.68	5.74	4.54	191.5	31.43	19.79	34.63	8.24	12.04	22.12	33.19	2.79	8.61	42.63	50.55	33.7	15.18	15.49	19.62	9.13	18.1	59.87
9.31	28.6	12.26	27.7	6.3	5.96	25.5	5.55	19.26	2.98	60.07	671	38.91	55.21	25.4	15.61	24.43	15.08	10.42	10.44	29.91	70.82	108.49	22.12	20.44	66	31.11	26.98	29.38	68.12	11.88	12.79	41.3	16.41	57.69	15.55	5.81	4.58	187.51	31.62	19.16	34.88	8.18	12.05	21.95	32.48	2.74	8.54	42.05	48.5	33.35	14.97	15.31	19.6	8.61	17.94	58.9
9.41	28.36	12.66	27.22	6.43	5.95	24.7	5.56	19.44	2.98	59.49	665.66	39.19	55.07	25.31	15.57	24.3	15.08	10.58	10.28	29.63	70.5	110.27	21.74	20.45	65	31	27.16	29.8	68.9	11.84	12.79	41.46	16.26	58.02	15.5	5.86	4.45	188.5	32.31	18.43	34.56	8.21	11.91	22.1	32.55	2.76	8.71	42.26	47.85	33.35	14.88	15.57	19.3	9.14	18.26	59.11
10.1	28.86	12.41	28.03	6.59	5.97	25.51	5.56	19.39	2.97	60.43	672.5	39.38	55.2	25.41	15.6	24.34	15.1	10.53	10.26	30.11	75.17	108	22.21	20.37	68.2	30.99	27.87	29.49	68.42	11.85	12.82	41.59	16.72	59.38	15.66		4.37	189.2	32.58	20.27	34.6	8.16	11.94	22.2	31.5	2.74	8.86	42.41	47.33	33.37	15.31	15.6	19.6	8.87	18.58	56
10.12	29.3	12.44	28.07	6.48	6.11	26.6	5.56	19.47	2.98	61.29	679.7	39.9	55.25	26.1	15.6	24.43	15.58	10.6	10.27	29.47	76.2	106.93	22.02	20.32	69.72	30.6	28.52	29.24	68.42	11.8	12.86	41.9	16.71	58.99	15.99		4.38	190	32.19	20.64	33.88	8.22	12.3	22.53	32.33	2.72	9.07	42.72	48.14	33.69	15.46	15.78	19.81	8.81	18.86	56.43
10.05	29.51	12.4	28.97	7.13	6.14	25.94	5.53	19.82	2.99	61.52	677	40.29	57.47	26.06	15.9	24.21	16.34	10.33	9.88	29.39	76	106.31	22.15	20.24	69.9	31.38	28.66	28.79	67.26	11.76	12.54	41.84	16.81	54.82	15.99		4.36	187	32.26	21.5	35.45	8.24	12.24	22.17	32.21	2.61	9.08	43.12	48.88	33.61	15.57	15.85	19.66	9.34	18.97	55
10.1	29.07	12.37	29.12	7.84	6.13	25.3	5.49	19.92	2.95	61.65	685	41.1	58.58	26.88	15.58	24.3	16.28	10.45	9.73	29.85	72.92	103.98	21.46	19.98	69.2	32.06	28.64	26.71	62.91	11.56	12.2	43	16.61	57.18	16.13		4.23	186.88	33.7	20.88	35.01	8.25	12.59	22.3	32.75	2.58	9.14	43.38	49.2	33.77	15.57	15.71	19.63	9.48	19.49	55.87
10.26	28.56	12.25	30.24	8.04	6.01	24.75	5.46	19.63	2.97	61.25	676	40.7	57.28	27.21	15.82	24.1	16.16	10.3	9.75	28.4	72.3	106.13	20.77	19.71	67.12	32.02	28.42	26.69	61.9	11.58	12.3	42.1	16.71	57.4	16.09		4.47	184.18	33.29	20.8	33.79	8.21	12.7	22.52	32.45	2.55	9.12	42.18	49.11	32.82	15.55	15.59	19.14	9.27	19.3	54.4
10.26	30.03	12.34	29.85	8.51	6.03	25.4	5.42	19.83	2.98	62.98	689.6	41.75	60.3	27.75	15.8	24.18	16.37	10.66	9.81	28.19	72.99	106.73	20.57	20.11	67.69	30.5	29.21	26.19	60.69	11.5	12.2	43.53	16.95	59.05	16.4		4.31	185.87	34.55	20.54	32.2	8.06	12.88	22.18	32.7	2.57	9.12	42.67	49.3	33.61	16	15.25	19.45	9.24	18.64	54.5
10.75	31.53	12.7	29.98	8.35	6.15	25.36	5.48	20.01	3.01	63.21	692.67	41.96	61.18	27.68	16.4	24.54	16.7	11.15	10.48	30.73	78.88	110.96	21.18	20.41	71.06	31.61	29.3	27.07	61.6	11.9	12.29	44.26	17.93	60.82	16.39		4.22	194.69	34.55	22.59	33.98	8.19	12.87	22.83	34.44	2.62	9.48	43.75	49.55	34.5	16.19	15.9	19.94	9.39	19.82	54.5
10.98	32.44	13.03	30.66	8.61	6.32	26.15	5.59	19.99	3.05	64.39	725.3	43.07	64.7	27.67	16.6	25.26	17.55	11.2	10.91	31.76	79.92	112	22.1	20.87	75.22	32.88	29.39	29.78	67.76	12.15	12.53	46.08	18.82	61.85	16.36		4.23	202.23	38.01	23.49	35.1	8.24	12.86	23.26	35.28	2.88	9.48	46.81	50.25	34.58	16.36	16.48	20.27	9.76	19.78	58.1
10.87	32.29	13.05	31.2	8.38	6.37	26.73	5.65	20.09	3.08	64.27	717.92	43.22	64.75	27.4	16.47	25.18	17.48	11.78	11.69	34.35	79.04	113.82	22.29	21.06	74.14	33.12	29.32	30.33	67.5	12.54	12.67	46.49	18.97	63.5	16.33		4.2	206.85	38.6	23.84	34.72	8.55	12.87	22.95	36.08	3.17	9.7	47.48	50.63	36.1	16.17	16.8	20.73	9.54	20.08	58.18
10.95	32.87	13.35	31.27	8.35	6.51	26.75	5.73	20.11	3.2	65.02	735.25	43.51	66.07	27.77	17	25.5	17.53	11.94	11.93	35.5	81.19	113.58	23.4	22.95	75.35	33	29.84	31.79	70.4	13.79	13.12	46.8	19.33	65.59	16.59		4.14	212	38.86	24.43	36.02	8.71	13.28	23.14	37.44	3.49	9.76	47.71	52.7	36.62	16.15	16.95	21.27	9.5	20.39	60
11.28	32.95	13.36	30.9	9.19	6.51	26.81	5.72	20.02	3.17	65.1	737.16	44.35	67.96	27.44	16.96	25.98	17.22	12.1	11.91	35.55	80.11	115.74	24.2	22.85	77.1	34.25	29.86	31.47	70.1	13.86	13.05	47.15	19.31	65.8	16.53		4.12	210.14	38.47	25.35	37.65	8.65	13.38	23.93	37.85	3.84	9.75	48.86	53.19	36.33	16.51	16.71	21.38	9.69	22.43	61.83
11.49	31.93	13.08	30.83	9.01	6.34	26.95	5.68	19.65	3.25	63.25	724.78	42.75	66.4	26.55	17.24	25.42	17.1	11.82	12.01	35.25	79.25	113.15	23.68	23	74.7	33.52	29.15	31.73	69.7	13.55	12.92	45.27	19.09	64.29	16.11		4.19	206.84	42.32	26.25	37.15	8.56	12.67	23.6	36.47	4.22	9.46	47.7	52	35.87	15.78	16.27	21.01	9.57	24.67	59.61
12.27	33.43	13.49	31.63	9.39	6.62	28.32	5.83	19.99	3.4	65.29	740	44.09	69.87	27.2	17.98	25.82	18.25	12.36	12.85	36.6	82.3	115.06	24.95	24.14	78.6	34.03	29.87	33.38	71.99	13.95	13.44	46.4	20.17	66.83	16.45		4.19	216.49	43.6	26.58	38.1	8.84	12.95	24.7	38.13	4.64	9.91	49.88	53.22	36.85	16.14	16.97	21.57	9.6	24.5	61.27
12.24	33.7	13.79	30.88	9.37	6.68	28.82	5.84	19.74	3.39	65.68	730.76	44.62	69.67	27.03	18.16	25.43	18.31	12.17	13.55	36.62	82.4	115.86	27.39	24.06	78.39	33.32	29.88	32.82	70.11	13.92	13.36	46.08	20.11	65.93	16.55		4.22	209.7	45.32	26.21	37.76	8.69	12.79	25.12	37.92	4.43	9.61	50.02	54.5	35.41	16.06	17.12	21.45	9.5	24.05	61.5
12.49	33.97	13.81	32.18	9.55	7.02	28.51	5.82	20.02	3.51	65.88	722	44.99	69.01	27.63	17.82	25.55	19.49	11.82	13.4	37.22	80.51	113	26.49	24	76.5	33.37	30.15	34.12	73	13.86	13.42	45.86	19.83	64.95	16.53		4.16	208.74	45.75	25.56	37.95	8.7	13.14	25.71	37.14	4.43	9.69	50.26	56.31	35.67	16	17.28	21.07	9.45	23.51	62.45
12.68	34	13.55	32.6	9.27	7.29	27.75	5.74	19.86	3.49	65.39	720.25	44.84	68.05	26.95	17.59	25.5	19.39	11.98	13.4	36.87	79.37	112.2	26.09	25.31	77.11	32.91	30.08	33.95	71.95	13.68	13.68	45.61	19.75	65.44	16.4		4.12	205.5	47.28	25.68	37.63	8.52	12.86	26.97	37.25	4.19	9.75	49.8	56.8	35.48	15.98	17.3	20.87	9.32	24.46	62.52
13.29	35.1	13.74	32.86	9.87	7.41	28.29	5.8	19.61	3.48	67.02	726.01	44.96	68.5	26.97	17.69	25.5	20.47	12.22	13.85	36.57	81.79	114.17	26.97	27.84	81.21	34.1	30.63	34.25	72.25	14.09	14.16	49.17	20.49	66.3	16.61		4.09	226.05	47.58	26.42	39.75	8.84	12.89	29	37.5	4.24	10.36	50.1	58.97	35.49	15.96	17.34	21.1	9.98	24.49	62.93
13.4	36.44	14.55	33.2	10.85	7.62	29.67	6.11	20.6	3.74	73	742.33	46.08	71.26	28.39	18.7	26.51	21.2	13.25	15.24	37.99	89.27	122.85	28.9	30.31	89.33	34.4	32.52	37.55	77.8	15.16	14.92	47.36	22.31	68.5	17.69		4.05	248.66	45.91	29.06	43.7	9.1	13.62	28.96	39.96	4.66	10.92	52.39	59.45	36.8	16.7	17.96	21.88	10.78	24.8	64.77
13.05	35.36	14.33	32.88	10.44	7.39	30.5	6.15	20.81	3.69	70.01	727.35	44.93	68.92	27.79	18.69	26.27	21.48	13.8	14.83	38.56	92.18	119.2	28.46	29.9	93.11	33.52	31.49	39.62	82.23	15.1	14.53	47.64	21.89	68	17.37		3.99	273.53	48.02	28.8	41.8	8.85	13.23	28.64	40.04	4.82	10.8	50.85	56.93	38.35	16.45	17.45	21.42	10.25	26.7	62.35
11.75	34.1	14.17	31.18	9.4	7.21	29.4	6.12	20.61	3.63	69.98	740.7	44.55	70.06	28.01	18.34	26.63	20.83	13.43	14.31	38.94	88.6	115.73	29.47	29.45	92.6	33.81	31.71	38.45	79.18	14.93	14.48	47.78	21.66	68.8	17.73		3.99	285.46	46.07	29.12	39.56	8.64	13.3	26.78	40.01	4.5	10.4	51.28	55.88	37.91	16.66	17	20.72	9.99	26.76	63.08
11.9	34.5	14.21	33.32	9.48	7.24	29.76	6.14	20.44	3.58	70.01	755.01	44.8	71.5	27.99	19.65	27.04	20.97	13.63	14.4	41.84	87.6	127.3	28.93	29.8	92	33.3	31.74	38.22	79.85	15.09	14.36	48.57	21.52	71.9	17.86		3.96	278.99	44.79	28.99	40.84	8.65	13.21	27.1	40.87	4.95	10.39	51.24	57.26	38.71	16.48	17.3	21.1	10.6	24.08	63.8
12	34.69	14.39	34.98	9.31	7.14	29.8	6.17	20.83	3.63	72.39	789.3	45.73	75.9	28.54	19.58	27.81	20.89	14	14.03	42.09	88.48	128.39	28.71	29.73	92.21	33.47	32.9	38.5	80.33	15.08	14.37	48.96	21.55	72	19.3		4	271.92	46	29.14	41.75	8.72	13.35	27.67	42.08	5.45	10.72	53.49	59.5	38.83	17.17	17.19	21.72	10.51	24.09	64.45
11.93	35.95	14.39	35.35	9.51	7.27	30.88	6.24	21.07	3.63	72.58	781.86	46.65	77.25	29.7	19.8	27.97	20.95	13.55	14.18	44.4	92.31	132.55	31.58	30.31	96.71	35.1	32.69	38.52	80.35	15.31	14.6	49	23.71	72.27	19.3		3.98	280	50.6	29.1	41.8	8.8	13.9	27.4	41.55	6	11.54	54.4	58.89	38.9	17.43	17.55	22.13	11	24.68	63.73
11.99	35.78	14.29	34.97	9.73	7.34	30.8	6.34	21.1	3.61	72.07	779.78	47.08	77.77	29.94	20.61	27.74	21.46	13.6	15.05	44.86	101.54	132.6	33.99	31.65	106.38	34.73	32.35	38.45	79.88	15.45	15.64	49.1	25.09	72.12	19.08		4.02	288.99	53.3	30.3	41.2	8.87	14.16	27.57	41.03	6.6	11.48	54.18	57.86	39.21	17.53	17.6	22.17	10.95	23.92	62.4
11.83	36.44	14.51	34.68	10.2	7.3	30.83	6.38	21.22	3.7	72.16	768	47.1	76.99	29.48	20.1	27.32	20.99	14	14.79	44.6	104.5	130.85	36.8	31.3	106.95	34.39	32.22	39.64	81.49	16.72	17.2	47.56	27.6	71.25	19.28		3.96	302	53.3	30.66	40.67	8.79	13.99	26.7	41.18	7.26	11.57	53.59	57.11	38.9	17.26	17.33	22.2	10.87	23.37	61.67
11.48	35.15	14.23	34.2	10.06	7.23	32.04	6.4	20.91	3.77	70.29	748.6	45.74	73.97	28.57	19.53	26.53	20.53	14.55	14.57	44.07	101	127.3	40.48	30.4	104.5	33.21	31.3	40.17	82.48	17.19	18.92	45.8	29.18	70.38	18.74		3.86	293.99	51.54	29	40.09	8.6	13.53	26	39.58	7.99	11.22	51.58	56.42	38.21	16.7	17.11	22.48	10.5	23.81	61.5
11.34	34.4	13.47	33.74	9.23	6.8	30.2	6.02	20.02	3.55	68.7	737.5	44.51	71.44	27.4	18.8	26.35	20.7	14.19	15.51	41.72	106	125.81	44.53	29.21	105.9	31.75	30.78	37.63	76.17	15.82	18.69	46.58	26.4	69.66	17.9		3.87	288.75	54.6	29.97	40.76	8.26	13.04	25.31	37.49	7.3	11.08	49.88	56.19	38.28	15.72	16.86	21.21	10.19	24.63	59.55
12.47	35.5	13.95	34.78	10.15	6.96	33.22	6.2	20.11	3.61	68.79	758.54	45.37	76	27.45	20.04	26.81	21.3	15.61	15.78	43.84	106.95	130.67	46.3	30.4	108.11	32.31	30.53	38.42	78.21	16.32	19.2	46.16	26.96	70.3	17.92		3.86	295.2	54.69	29.57	44.84	8.38	13.03	27.84	39.07	6.61	11.18	51.45	57.15	41.25	16.14	17.02	21.7	10.8	24.23	61
12.61	36.11	14	35.48	10.41	7.14	35.25	6.26	20.12	3.6	69.25	745.01	44.8	75.3	27.45	20.43	26.89	21.83	16.8	16.16	44.16	106.87	128.24	50.93	31.09	114	32.15	30.66	38.22	78.26	16.18	19.68	46.23	27.98	69.81	17.97		3.85	295.3	56.35	30.28	47.69	8.4	13.03	27.82	38.77	6.88	11.76	50.76	56.87	40.62	15.87	17.11	22.41	10.63	24.56	60.14
12.63	34.7	13.79	34.81	10.17	6.95	33.89	6.16	19.97	3.56	71.54	754	44.95	76.5	27.81	20.4	26.37	21.2	15.95	15.25	44.5	99.29	127.28	48.82	28.68	104.5	32.2	31.04	38.94	80.2	15.32	17.71	46.41	25.3	69.88	18.17		3.84	291.3	51.12	28.85	47.77	8.32	13.25	27.61	38.14	6.25	11.51	50.45	56.34	42.62	16.06	16.88	21.99	10.27	24.9	59.93
12.49	34.63	14.2	34.43	10.17	6.84	32.08	6.05	19.85	3.45	72.8	778	45.46	77.15	27.46	20.06	26.32	21.32	14.38	14.76	42.18	96.09	130.45	50.39	28.25	100.5	32.4	31.45	39.1	81.5	14.73	16.99	47.93	24.36	70.06	18.19		3.78	284.9	49.77	26.22	48.02	8.25	13.25	27.15	38.58	6.46	11.66	51.43	57.26	42.45	16.1	16.9	21.79	10.41	24.8	60.14
12.8	35.85	14.84	34.95	9.97	7	32.18	6.15	19.98	3.48	73.85	777.3	46.92	78.78	28.07	20.37	26.59	22.45	14.14	14.85	43.27	94.88	135.3	45.35	28.38	98	33.48	31.67	39.24	80.97	14.86	16.73	49.32	24.09	71.52	18.44		3.75	306.52	52.98	27.26	47	8.31	13.78	27.5	41.03	6.14	12.38	53.27	57.78	44.02	16.86	17.1	21.73	10.66	23.7	60.95
12.55	36.51	15.23	35.68	10.55	7.3	33.88	6.42	20.7	3.56	75	810.09	47.9	86.66	29.37	20.84	28.56	23.58	14.81	15.45	45.92	96	132	47.31	29.19	101.79	34.6	32.36	42.04	84.87	15.19	17.41	49.25	24.9	74.1	18.65		3.76	306.99	58.28	27.51	48.62	8.65	14.4	28.01	42	6.33	12.99	58.6	58.51	45.12	17.26	18.69	22.15	11.45	22.91	62.9
12.35	36.18	14.86	35.02	10.41	7.14	34.26	6.44	20.51	3.55	75.35	792.61	47.21	86	29.15	21.73	28.05	23.64	14.97	15.56	45.95	95.35	131.2	52.04	29.03	104.59	33.79	32.03	40.98	83.07	15.26	17.02	48.9	25.25	72.1	18.61		3.63	316.99	58.19	27.4	50.6	8.74	14.24	27.21	42	6.43	12.8	59.16	58.9	44.46	17.09	18.55	22	11.5	22.97	62.89
12.41	35.28	15.14	34.94	10.32	7.09	33.72	6.5	20.5	3.54	76.55	792.8	46.61	85.7	29.53	21.45	27.96	23.48	14.78	15.66	46.48	93.9	132.13	51.4	28.98	101.38	34.67	32.27	39.88	80.6	15.06	17.57	48.24	24.95	72.72	18.55		3.57	323.09	55.85	26.88	47.6	8.66	14.37	26.73	41.27	6.63	13.1	60.91	58.03	43.75	16.72	18.46	22.45	11.62	22.83	63.7
12.25	35.14	14.99	35.41	10.33	7.17	33.99	6.52	20.68	3.64	75.8	785.75	46.27	84.9	29.55	21.4	27.63	23.36	14.67	15.65	45	94.6	130.21	53.5	28.9	102.19	34.49	31.98	39.71	80.18	15.3	18.48	48.6	25.62	72.4	18.29		3.48	311.12	55.75	26.74	47.31	8.6	14.14	26.7	41.05	6.53	13.12	60.02	58.05	42.8	16.68	18.38	22.71	11.48	24.78	63.9
11.81	34.6	15.05	34.9	10.11	7.39	34.7	6.68	21.13	3.59	74.72	794	46.16	86.05	29.19	22.05	27.92	24.5	14.5	15.33	45.59	94.1	130.4	54.7	28.22	104	34.5	32.35	38.74	79.09	15.09	17.93	46.69	25.18	73.13	18.1		3.57	309.29	54.65	29.41	46.95	8.6	13.94	25.89	41.56	6.37	12.87	61.03	59.95	43.12	16.67	18.38	23.69	11.54	25.28	64.25
11.49	33.9	14.66	35.38	9.99	7.32	33.27	6.47	19.97	3.52	72.29	775.6	44.99	82.81	28.16	21.37	27.17	23.52	14.05	14.71	46.29	90.93	127.45	60.17	28.33	102.9	33.8	31.17	37.45	77.02	14.67	17.31	46.57	25.19	71.2	17.51		3.47	308.49	53.4	32.35	45.82	8.34	13.46	25.5	40.43	6.05	12.31	59.71	57.05	41.9	16.35	18.03	22.68	11.41	25.2	62.61
11.25	33.92	14.21	33.98	9.75	7	32.3	6.32	19.42	3.5	72.69	773	44.8	84.47	28.29	20.61	27.35	22.6	13.43	14.12	47.53	89.12	127.98	60.2	27.13	100	34.17	31.49	37.43	77.96	14.24	16.68	47.57	24.98	71.55	17.53		3.47	307.88	55.1	30.75	44	8.26	13.33	25.33	41.03	6.09	12.09	59.16	57.06	42.26	16.43	17.38	22.31	10.98	26.16	63.65
11.33	34.47	14.92	33.31	10.07	7.04	31.4	6.38	19.46	3.47	74.22	788.5	45.6	87.98	28.95	20.59	28.2	22.95	13.47	14.13	52.28	88.75	128.61	60.56	26.67	98.1	35.24	32.4	36.06	77.52	14.25	16.39	47.14	23.8	74.36	17.63		3.52	306	55.76	30.11	44.77	8.3	13.69	25.13	44.77	5.68	12.3	61.54	58.06	42.9	16.92	17.8	22.91	11.12	26	65.47
11.5	33.9	15.03	33.98	10.56	6.86	31.13	6.3	19.23	3.45	73.4	806.8	45.63	90.3	28.8	21.59	28.3	23.32	13.22	14.15	51.98	89.9	130.84	54.5	29.34	98.3	34.94	32.52	36.19	77.8	14.3	16.36	48.73	23.78	64.65	17.53		3.53	313.49	59.83	29.55	43.65	8.32	13.38	25.58	43.7	5.54	12.06	64.39	59.62	43.97	16.48	17.94	22.36	11.12	25.31	67.79
12.16	35.07	15.29	33	10.95	7.15	31.92	6.47	19.61	3.51	77.1	853.99	47.21	95	30.72	21.9	29.11	24.8	13.9	14.67	56.7	93.3	134.3	55.5	29.2	101.59	35.3	33.92	37.49	79.27	14.75	17.05	52.93	25	65.42	18.17		3.6	302.95	63.31	30.07	44.3	8.64	14.24	26.1	45.53	5.56	12.78	66.58	62.15	45	17.11	18.59	23.2	11.45	25.41	70.08
13.38	36.85	16.3	35.9	11.68	7.44	31.97	6.61	20.15	3.65	78.6	859	51.93	96.57	32.07	24	29.77	25.63	14.23	15.3	56.55	94.16	135.48	61.05	30	104.2	36.7	34.08	40	87.2	15.56	17.84	51.9	26.96	65.75	18.65		3.61	297.51	69.64	33.08	46.53	8.78	14.67	28.28	46.99	5.79	12.95	67.3	61.71	45.39	18.08	19.32	23.61	11.81	24.95	69.98
13.81	36.59	16.56	34.5	11.89	7.61	30.7	6.52	19.97	3.66	78.96	850	57.12	96.06	31.99	24.01	29.31	25.26	13.84	15.1	56.62	92.73	133.53	58.96	29.9	108.21	36.31	34.49	41.79	95	16.01	17.71	52.2	26.53	65.28	18.81		3.64	299.71	67.68	33.99	45.66	8.9	14.44	28.02	47.55	5.9	12.63	66.51	62.07	44.25	17.87	18.99	23.85	11.77	24.42	70.42
13.81	36.46	16.37	34.17	12	7.94	31.08	6.85	20.16	3.7	79.86	844.5	55.2	95.4	32.49	16.2	29.33	25.81	13.89	15.23	56.31	90.17	132.55	58.23	29.85	119.03	37.05	34.86	42.25	98.5	16.08	17.8	53.65	26.72	65.58	18.98		3.57	303.38	66.97	37.39	44.5	9.3	14.61	27.85	46.83	5.75	12.92	65.7	62.17	44.9	18.17	18.87	23.83	11.66	24.27	71.62
13.36	35.77	17.27	33.69	12	8.22	30.6	6.84	20.48	3.73	80.2	865	54.55	100.23	32.22	15.79	29.78	25.6	13.79	15.04	56.65	90.24	131.7	59.25	29.98	112.27	37.27	35.59	43.16	100.91	15.84	17.39	54.18	26.66	66.14	19.28		3.54	299.79	69.83	37.68	45.06	9.29	14.55	27.74	47.43	5.76	13.36	67.9	62.57	44.74	18.24	18.68	24.05	11.33	23.8	72.35
13.3	35.52	18.34	33.24	11.54	8.42	29.24	6.94	20.53	3.75	80.59	900.2	56.7	102	31.54	16.5	28.62	25	12.99	14.42	54.12	88.93	128.97	57.99	29.24	110.35	36.49	35.93	42.44	103.88	15.62	16.81	55.01	25.45	63.98	19.46		3.5	309.51	67.39	36.6	42.4	9.22	14.46	27.09	50.3	5.55	13.8	68.99	61.06	44.36	18.1	18.5	23.3	11.16	24.5	72.11
13.03	35.34	17.08	33.6	11.57	8.3	29.51	6.89	20.22	3.69	81.1	905	58.24	110.02	33.48	16.21	31	24.9	13.27	14.43	54.1	87.52	130.15	57.1	30.2	107.8	36.14	35.23	38.21	99.1	16.21	17.77	54.72	25.73	64.82	19.1		3.49	311.25	66.68	37.8	44.38	9.18	14.92	23.4	50.29	5.64	13.56	69.09	61.5	46.12	18.47	18.73	23.22	11.48	24.36	73.23
13.23	35.05	17.08	33.3	10.9	8.42	29.08	6.86	20.24	3.68	82.03	947.99	57.46	107	32.77	15.75	31.49	25.24	13.17	14.3	54.96	87	130.49	58.9	31.5	103.95	36.93	35.07	36.78	89.46	15.9	18.18	52.44	25.54	65.73	19.18		3.47	299.8	66.2	37.37	43.54	9.45	14.65	24.32	49.1	5.74	14	72.7	62.88	46.46	18.14	18.41	23.15	11.57	24.28	72.4
12.7	34.16	16.36	33.05	10.86	8.13	29.49	6.72	19.88	3.61	80.71	925.2	59.5	99.8	31.84	15.73	30.32	24.33	13.51	13.9	53.42	85.28	128.98	56.5	30.39	102	35.7	34.96	37.26	91.78	15.67	17.96	51.29	24.39	63.98	18.91		3.51	299.85	66.77	35.49	42.86	9.17	14.2	24.37	46.73	6.1	13.18	70.5	61.44	43.65	17.44	18	22.72	11.15	24.5	72.25
12.56	34.5	16.37	33.56	10.85	8	30.48	6.83	19.92	3.55	80.44	914	65	99.62	31.09	15.65	30	24.98	13.55	14.01	53.07	84.91	129.31	56.3	30.26	99.34	35.39	34.8	35.47	91.19	15.71	18.44	51.5	24.63	64.62	18.98		3.51	304	68.1	35.39	41.9	9.22	13.9	24.32	46.36	5.66	12.98	69.6	60.77	43.84	17.22	17.83	22.51	11.15	23.79	71.38
12.6	34.02	16.28	33.4	10.6	7.7	29.8	6.75	20.01	3.52	81.66	907	61.14	100.6	30.94	15	30	24.51	13.2	12.9	52.99	84.2	125.59	53.8	30.5	103.3	34.21	34.82	34.27	89.7	15.5	18.92	52.88	25.8	63.35	19.16		3.52	302	68.33	34.58	41.8	8.98	13.84	23.59	46.22	5.48	12.87	67.55	61.15	42.45	17.15	17.52	22.32	10.72	23.95	72.91
12.84	34.6	16.6	33.82	10.63	7.85	29.69	6.88	20.4	3.63	85.01	939.9	60.99	102.21	31.64	15.26	30.87	26.07	13.33	13.31	52.98	86.55	126.1	55.68	33.55	102.22	34.7	36	30.84	91.79	16.28	20.81	53	27.62	64.86	20.6		3.53	303.2	67.21	36.43	41.8	9.09	14.48	23.64	47.71	5.62	13.22	69.02	62.5	43.3	17.63	17.65	22.99	10.8	24.18	74.67
13.83	34.59	16.75	34.45	10.76	7.83	31.85	6.82	20.28	3.59	84.48	952	59.91	103.62	30.98	15.57	30.78	26.59	13.57	13.4	53.75	86.33	127.77	55.74	34.08	99.57	34.74	35.83	29.08	92.65	17.91	20.91	53.42	26.99	64.53	20.33		3.52	310.12	69.25	36.18	41.96	9.1	14.19	23.55	47.48	5.85	13.11	69.53	63	43.31	17.78	17.54	22.81	10.89	23.5	76.18
14.3	34.26	16.48	36.1	10.86	7.76	31.85	6.81	20.2	3.56	84.3	945.5	57.75	102.34	30.7	15.38	30.84	26.05	13.51	13.23	52.88	85.01	127	55.8	34.09	99.1	35.71	35.5	27.36	89.74	19.61	21.73	55.08	26.89	64.13	20.13		3.58	304.01	67.2	36.81	42.3	9.27	14	22.69	46.88	5.72	13.16	69.15	64.08	42.89	17.87	17.32	22.87	11.05	23.59	78.23
14.6	34.9	16.26	35.8	10.65	7.81	30.88	6.87	20.49	3.57	87	952.56	56.18	101.66	31.48	16.36	31.14	26.5	13.48	13.15	52.53	87.85	127.91	57.91	36.49	100.11	35.4	36	28.37	87.95	17.89	21.35	52.79	27.15	64.45	20.3		3.56	290.5	66.3	36	41.89	9.15	14.2	22.7	47.32	5.74	13.13	69.14	66.56	43.48	18.36	17.57	23.02	10.87	23.02	78.64
14.88	34.15	16.25	36.4	10.67	7.55	30.08	6.68	20.01	3.54	84.96	949.2	57.31	101.13	29.51	16.03	30.98	26.01	13.58	13.18	52.67	88.03	128	58.56	36.76	100.3	35.5	34.8	28.09	82.79	17.08	21.03	52.27	27.01	62.14	19.37		3.53	295.21	67.7	35.9	43.15	9.12	13.4	22.7	46.75	6.31	12.19	69.98	66.5	43.8	17.68	17.4	22.74	11.03	23.04	78
14.54	33.13	15.9	35.85	10.48	7.27	29.17	6.47	19.89	3.47	86.06	974.95	55.58	104.31	29.51	15.85	30.48	26.6	13.37	13.5	52.7	94.35	131.05	55	35.53	105.03	36.46	35.23	27.26	81.82	17.18	20.72	52.6	26.02	62.84	19.41		3.56	295.03	66.88	36.25	43.6	8.87	13.4	22.56	47.8	6.94	12.29	72.45	69.23	43.52	17.7	17.45	22.74	11.43	20.74	77.4
14.68	32.62	16.04	36.6	10.5	7.4	29.65	6.5	19.9	3.49	85.03	970	51.53	103.5	29.6	16.04	30.74	27.05	13.52	14.33	53.72	96.05	131.89	57.89	35.02	99.67	36.73	35.8	28.07	83.5	16.93	21.68	51.41	28.62	62.85	19.4		3.6	281.03	68.5	37.13	43.71	9.1	13.36	23.2	46.82	7.63	12.33	71.74	67.9	43.4	17.47	17.43	22.43	11.57	20.75	78.83
14.4	32.34	15.35	35.9	10.02	7.06	28.6	6.28	19.54	3.39	83.4	952.37	53.42	100.6	29.39	16	30.45	26.95	13.66	14.1	54.35	93.07	134.08	55.93	33.65	96.7	36	35.43	28.08	80.28	16.17	19.51	49.37	28.25	63.9	19.25		3.7	295.87	71.35	36.91	41.7	9	13.3	22.18	45.53	7.02	11.88	70.48	68.45	43.57	17.02	16.8	22.32	11.4	20.27	79.32
14.23	31.8	15.14	36.42	10.09	7	27.62	6.2	19.37	3.33	83.11	945	52.33	102.27	29.08	16.06	30	26.06	12.92	14.16	52.95	93.8	135.81	54.77	34.17	87.14	35	34.36	27.53	78.17	16.01	19.01	51.31	29.09	62.33	18.95		3.68	297.3	65.82	36.6	41.38	9.27	13.24	22.36	43.99	6.32	11.92	75.43	66.08	41.75	16.75	15.38	22.11	11	19.78	77.3
14.55	32.03	15.06	36.2	10.1	7.02	26.9	6.11	19.52	3.31	86.43	971.97	51.8	102.29	29.35	16.53	30.75	26.19	12.97	13.53	50.3	91.67	140.95	49.29	33.85	82.98	35.81	35.33	27.87	70.35	15.5	18.5	52.4	26.18	65.32	19.44		3.69	299.09	61.6	35.75	41.32	9.73	13.46	23.47	45.3	5.69	12.3	76.37	70.5	42.75	16.67	15.39	22.54	12.1	20.64	79.98
14.27	32.68	15.41	36.68	10.15	7.16	28.26	6.21	19.69	3.32	86.1	974	55.25	102.36	28.88	16.42	31	26.09	13.68	13.06	51.9	89.85	140.84	49.5	32.15	74.68	37	34.45	28.71	70.38	15.42	19.1	49.07	25.49	65.75	19.92		3.69	310.38	64.1	34.2	42.4	9.77	13.49	23.27	45.23	5.87	12.25	77.88	70.63	42.66	17.18	15.31	22.57	11.96	20.04	77.49
13.94	30.21	13.98	34.2	9.46	6.44	27.28	5.74	18.89	3.18	81.2	906	54.1	92.12	27.1	15.06	30	23.48	13.7	11.75	50.03	80.88	133.5	44.55	28.94	75.34	35.73	33.91	27.37	65.46	13.92	17.19	50.75	22.94	64.2	19.34		3.59	318.78	60.08	30.78	39.88	9.5	12.83	23.4	42.5	5.28	11.4	70.5	66.9	39.86	16.32	15.25	21.72	11.37	19.88	76.01
14.8	30.62	14.27	37.09	9.79	6.56	27.49	5.83	18.9	3.21	81.17	890	53.36	95.96	27.98	15.55	30.55	24.18	13.33	11.64	50.6	85.69	136.25	43.8	29.01	78.9	38.12	33.71	26.8	66.28	14.18	16	51.41	23.36	66.14	19.13		3.61	306.5	61	30.03	41.3	9.67	12.94	25.17	42.99	5.81	12.12	72.32	71.38	41.1	16.76	15.16	22.07	12.21	20.3	76.4
14.25	29.87	14.24	36.11	10.06	6.52	28.08	5.88	18.54	3.28	78.78	884.4	55.94	95.88	27.39	15.51	30.14	23.32	13.9	11.67	49.97	88.62	139.4	45.07	28.89	79.65	38.44	33.13	27.8	65.73	13.96	15.73	49.51	23.44	64.23	18.63		3.58	296.48	57.95	29.6	40.2	9.48	12.84	25	42.61	6.15	11.85	71.22	68.97	41.49	16.49	14.81	21.7	12.58	20.23	73.41
14.69	29.03	14.05	36.55	9.93	6.52	27.2	5.8	18.36	3.2	76.66	858.81	56.19	91.81	27.02	15.23	29.18	23.07	14.07	11.44	46.33	90.99	136.11	45.83	28.3	85.26	36.8	32.42	27.28	64.96	13.83	15.57	49.82	23.54	62.5	18.02		3.6	305.8	59.41	29.57	38.55	9.4	12.51	24.1	40.34	5.93	11.86	67.7	67.54	40.58	15.9	14.3	21.07	11.81	19.64	73.65
15.08	29.8	14.46	36.86	10.4	6.72	27.57	5.98	18.61	3.25	81.38	907.12	54.8	99.2	28.03	15.99	30.26	24.78	14.45	12.16	50.3	93.03	144.5	50.41	30.88	82.4	40.03	33.61	26.5	67.02	14.22	16.41	49.75	25.18	64.12	18.48		3.59	306	61.55	32	41.15	9.88	12.97	24	42.1	6.27	12.45	71.81	72.6	42.33	16.43	14.43	21.51	12.65	19.87	77.15
14.75	27.28	14.2	36.17	10.42	6.72	26.39	6.13	18.54	3.2	78.65	892	53.64	103.6	28.05	15.8	30.4	23.15	14.56	11.68	49.72	91.64	147.63	51.18	30.21	79.87	42.6	32.8	26.41	66.45	13.88	15.72	50.51	24.56	64.17	18.16		3.6	300.1	59.93	29.88	41.48	9.97	12.81	23.8	40.07	6.55	12.21	71.7	70.46	42.15	15.74	14.21	21.11	12.98	20.23	77.02
15.35	28.02	13.9	36.2	10.49	6.58	26	6.09	18.41	3.25	78.3	886.57	55.45	102.48	27.6	15.72	30.02	22.72	13.83	11.69	49.63	91.53	143.76	49.35	29.95	81.2	41.6	32.56	27.2	65.4	13.61	15.99	50.38	24.52	63.03	18.16		3.6	297	59.68	29.93	41.3	9.6	12.84	24.2	40.19	6.55	11.96	70.65	68.5	42.24	15.79	14.1	21.27	12.46	20.14	75.15
16.55	28.78	14.56	37.8	11.54	6.85	26.88	6.14	18.6	3.26	80.54	927	55	109.9	28.02	16.34	31.03	23.54	14.15	10.99	50.67	92.48	143.2	50.55	30.51	79.79	42.5	33.63	27.05	66.19	13.89	16.16	49.45	25.1	65.41	18.56			297.02	60.65	29.94	43.22	9.89	12.95	23.92	41.02	6.53	12.14	77.72	70.56	43.91	16.27	14.25	21.8	12.77	20.05	77.8
16.18	28.63	14.68	37.05	11.48	6.84	26.95	6.09	18.77	3.31	80.97	929.91	52.88	109.98	28.13	17.66	31.4	22.45	13.83	10.45	51.44	91.58	141.7	49.5	29.62	78.32	44.2	33.67	27.41	68.33	13.83	15.98	49.6	24.41	64.28	18.55			300.59	61.61	29.15	43.02	10.14	12.98	23.68	41	6.6	12.15	81	73.52	44.09	16.38	14.45	21.74	12.48	20.07	79
15.65	28.02	14.27	35.11	11.38	6.59	26.36	5.89	18.47	3.21	79.1	906.79	53.9	106.46	27.36	17	30.41	21.44	13.1	9.97	50.11	92	139.18	50.84	28.5	81.48	42.36	33.31	28.82	65.41	13.2	14.67	50.12	23.5	62.76	18.29			303.5	59.9	28.82	42.1	10	12.62	23.9	39.82	6.04	11.7	77.35	71.26	43.05	15.78	14.1	21.2	12.3	20.63	77.19
15.25	26.99	14.56	35.68	11.03	6.62	25.07	5.91	18.28	3.19	77.87	884.96	54.05	104	27.26	16.79	30.08	20	13	8.97	48.99	96	137.1	53.15	27.9	80.87	41.16	33.28	28.7	63.1	13.2	15.27	49.7	24.3	60.25	18.21			302.76	55.66	29.61	40.84	9.95	12.57	24.03	38.62	5.9	11.59	74.1	69.06	42.9	15.82	14.38	21.06	12.07	20.59	76.01
15.13	27.6	15.3	36.2	11.05	6.73	25.6	6.06	18.43	3.24	78.2	895	54.9	104.2	27.52	16.75	30.25	21.27	13.12	9.87	50.49	96.95	142.78	55.49	29.2	87.15	41.49	33.63	27.12	65.41	13.5	15.32	49.51	24.61	60.81	18.34			315.85	58.6	29.98	41.9	9.96	12.7	23.45	40.72	6.49	11.89	75.74	69.53	43.86	16.22	14.68	21.42	12.54	20.55	76.32
15.24	26.07	15.1	35.9	10.98	6.7	25.77	6.11	18.38	3.23	77.64	888	54.1	103.31	27.36	16.79	30.3	21.26	13.07	10.1	50.13	97.5	141.52	61.04	29.48	84.85	40.89	33.53	26.85	63.39	13.37	15.46	49.12	25.78	61.06	18.2			316.22	58.22	32.98	42.07	10.2	12.74	23.41	40.89	6.38	11.95	73.65	70.01	44.06	16.06	14.52	21.3	12.23	20.21	76.97
14.63	24.56	14.67	34.94	10.98	6.64	24.78	6.04	18.21	3.19	75.44	861	52.94	99.83	26.72	16	29.91	19.99	12.7	10.04	49.78	96.29	139.8	59.12	28.24	81.52	40.02	33.35	26.86	61.65	13.04	14.78	49.76	24.22	59.61	18.05			304.16	55.7	31.18	41.26	10.03	12.57	23.83	40.11	6.44	11.9	70.55	68.9	42.4	16.11	14.04	21.09	11.73	20.13	75.33
14.53	24.67	14.31	33.98	10.65	6.41	24.6	6.04	18.35	3.2	76.5	878.5	52.31	101.02	26.82	15.88	29.9	20.4	12.31	9.66	48.96	96.01	139.69	58.28	28.25	85.04	40.13	33.6	26.1	61.22	12.9	14.67	51.47	23.47	60.07	18.24			292.88	54.11	30.8	42.8	9.91	12.57	23.15	40.14	5.99	12.03	72.2	68.03	41.68	16.12	13.86	21.29	11.03	20.19	75.3
15.46	25.15	14.69	35.02	11.15	6.48	25.17	6.19	18.44	3.22	77.18	879	52.5	102	27	16.3	30.01	20.6	12.66	10.63	49.86	99.89	143.62	64.11	29.29	83.82	41.99	33.78	26.81	63.21	13.26	15.18	51.51	24.5	61.2	18.11			292.65	58.8	32.2	43.4	10	12.68	23.32	38.55	6.49	12.31	72.31	68.1	42.27	16.15	13.92	21.76	10.9	20.13	75.79
15.59	25.38	14.56	34.48	11.2	6.43	25.14	6.22	18.58	3.23	78.19	888	51.48	103.1	27.62	16.17	30.35	21.47	12.66	10.86	52.26	103.05	147.71	63.82	29.3	84.39	41.87	34.38	28.03	62.13	13.4	15.04	51.03	25.3	62.52	18.05			292.88	61.43	32.39	43.5	10.15	12.38	23.01	38.9	6.37	12.65	73.99	70.1	42.48	16.3	13.88	21.86	11.26	20.33	78
15.13	25.02	14.59	34.61	11.28	6.4	25.09	6.13	18.48	3.23	79.78	911.91	52.35	104.55	27.16	16.49	29.92	21.24	12.68	11.07	51.73	99.99	145.51	61.99	29.16	78.89	42.65	34.25	21.81	62.8	13.63	14.99	50.57	24.8	61.91	17.68			298.71	59.21	33.2	42.5	10	12.23	21.92	39.42	6.5	12.58	73.79	68.86	41.9	16.05	13.73	21.63	11.12	20.07	76.7
15.25	25.19	14.49	34.28	11.1	6.36	24.9	6.1	18.66	3.21	79.09	905.3	52.6	103.13	26.92	16.5	30.06	21.28	12.52	10.94	50.78	99.27	145.7	58.91	28.38	77.01	45.15	34.3	21.57	64.8	13.47	14.51	50.79	24.31	61.91	17.6			296	60.75	33.98	41.5	9.82	12.17	22.71	38.52	6.28	12.35	72	69.56	42.08	15.86	13.41	21.52	11.01	20.08	75.82
15.4	24.84	14.31	34.78	11.36	6.41	25.58	6.07	18.39	3.25	79	890	53.04	101.25	26.7	16.22	30.01	21.46	12.57	10.72	50.88	98.94	147.5	57.59	28.76	75.1	44.69	34.21	21.38	63.96	13.68	14.57	50.91	24.07	62.16	17.57			298.99	63.35	35.95	41	9.8	12.16	23.21	38.04	6.18	12.07	70.63	69.14	42.17	15.9	13.36	21.4	10.8	21.09	77.39
14.8	25.3	13.61	34.39	10.76	6.22	24.8	5.95	18.56	3.34	79.25	892	53.95	101.46	26.44	16.09	30.59	21.78	11.99	10.78	49.59	99.98	151.8	58.99	30.29	75.48	43.82	34.4	21.32	61.7	13.38	14.21	52.01	24.29	63.22	17.65			303.95	65.14	35.15	41.02	9.93	12.18	22.44	38.29	5.95	11.96	69.6	69.65	42.93	16.05	12.93	21.16	10.72	20.81	76.62
14.93	24.68	13.74	34.31	10.65	6.2	24.43	5.98	18.7	3.31	77.97	875.3	52.78	99.19	26.3	15.66	30.29	21.54	11.93	10.37	48.75	96.75	147.5	57.49	30.5	75.18	42	34.03	20.89	60.86	13.08	14.09	53.29	23.64	62.03	17.67			302.1	64.36	35	39.8	9.93	12.15	22.57	38.23	5.89	11.97	67.9	70.01	41.73	15.78	13.31	20.49	10.6	21.01	75.7
14.46	24.42	13.62	33.68	10.31	6.23	24.07	6.08	18.91	3.36	77.5	871.6	51.27	99.05	27.03	15.2	30.12	21.95	12.13	10.58	47.02	94	153.6	56.54	32.09	74.4	43.59	33.95	21.09	60.16	13.08	14.1	52.11	23.71	59	17.81			301.9	62	32.7	39.75	9.89	12.56	22.3	38.01	5.92	12.09	68.16	69.5	39.8	15.73	12.98	20.6	10.32	20.66	74.55
14.01	23.7	13.43	33.05	10.27	6.1	23.05	6.03	18.86	3.3	77.11	862.13	51.16	97.29	27.12	15.17	30	21.22	12.02	10.28	45.05	92.61	149	56	29.78	76.03	42.89	33.9	21.42	59.26	12.83	13.91	52.18	23.5	57.98	17.86			307.85	58.01	34.61	38.24	9.72	12.54	21.47	37.81	5.71	11.95	66.8	69.8	39.03	15.56	12.85	20.51	10.08	20.73	73.93
14.42	24.96	13.56	33.92	10.15	6.14	24.2	6.14	19.15	3.25	79.1	871.08	50.74	100.44	27.81	15.8	30.68	22.2	12.32	10.12	45.11	92.18	151.68	56.1	31.02	78.3	44.12	34.74	21.74	59.9	11.68	14.05	51.44	23.89	58.63	18.18			324	58	36.59	38.1	9.87	12.79	21.77	38.26	5.93	12.21	67.91	73.6	39.73	15.97	12.88	20.88	9.91	20.85	75.94
14.9	26.05	14.16	34.19	10.49	6.35	24.3	6.28	19.35	3.32	81.7	910.89	51.03	108.95	28.33	16.18	32.43	22.89	12.58	11.13	49.02	95.91	155.05	58	31.62	77.93	44.99	35.42	21.78	62	12.1	14.63	51.51	24.86	60.12	18.42			318.61	61.58	37.2	39.07	10.28	12.93	22.39	40.1	6.52	12.92	72.05	75.72	41.18	16.42	13.3	21.29	10.56	21.55	78.7
14.36	25.62	14.18	33.08	10.18	6.18	23.9	6.22	19.45	3.42	80.52	906.7	52.11	107.61	28	16.03	31.75	22.72	12.45	11.1	49.24	94.5	157	56.44	31.47	77.86	45.2	35.33	21.33	61.52	11.91	14.46	51.77	24.43	60.35	18.35			324.8	61.08	36.12	39.04	10.27	12.84	23.04	39.78	6.37	12.9	71.29	74.13	41.36	16.31	13.59	21.07	10	23.05	79.05
14.26	25.69	14.03	32.94	10.32	6.17	25.16	6.2	19.51	3.4	80.49	910	54	106.8	27.83	16.44	31.56	21.96	12.78	10.98	48.7	94.6	153.96	55.91	31.22	79.01	44.48	35.25	21.26	61.06	11.94	15.19	51.86	24.95	61.3	18.35			327	62	34.85	38.86	10.12	12.73	23.14	39.58	6.28	12.95	70.73	73.93	41.3	16.24	13.62	20.74	10.1	23.67	78.5
14.22	25.4	13.79	32.8	10	6.09	24.7	6.16	19.7	3.48	79.75	913	53.31	104.96	27.93	15.93	31.78	21.61	12.59	10.67	48.59	95	152	54.38	30.28	77.12	43.56	35.35	21.13	60.85	11.81	14.64	54.09	24.27	61.28	18.35			333.14	61.77	33.57	39	9.87	12.88	23.49	38.84	5.98	12.79	70.24	73.16	41.8	16.33	13.63	20.64	9.89	23.6	79.46
13.56	24.67	13.79	33.1	10.1	6.1	24.59	6.09	20.08	3.43	79.92	911.6	54.35	103.7	27.91	15.99	31.51	21.04	12.5	10.79	48.55	94.11	150.6	51.54	29.92	76.27	43.95	35.6	21.31	60.42	11.69	14.82	54.81	24	61.6	18.44			334.55	60.38	33.89	38	9.86	12.84	22.74	38.66	6.1	12.75	69.82	74.84	27.4	16.14	12.96	20.04	9.71	23.48	81.3
13.89	24.97	13.88	34	9.86	6.08	25.46	6.09	20.13	3.47	80.97	917	54.1	104.08	27.7	16.05	31.52	21.35	12.73	10.67	48.99	94.96	153.3	51.06	30	80.56	43.63	36.02	21.72	60	11.65	14.69	54.09	24.16	62.59	18.49			338	62.44	33.96	38.17	10.06	12.8	22.78	38.9	6.04	12.88	69.7	75.37	28.1	16.33	13.21	20.29	9.9	23.29	80.03
14.22	26.35	14.29	34.82	9.88	6.19	25.71	6.14	20.01	3.47	83.54	932.01	54.47	105.9	27.73	16.1	31.75	22.91	13.15	10.86	50	96.76	154.26	51.47	30.97	83.9	43.8	36.8	23.17	60	11.84	14.95	54.4	24.26	64.38	18.11			350.6	61.95	34.37	39.18	10.13	12.84	23.17	39.9	6.11	12.9	71	76.55	28.71	16.53	13.22	20.79	10.27	23.92	82.67
14.84	27.14	14.65	35.88	9.95	6.4	26.09	6.23	20.12	3.63	88.5	975	54.99	112.97	28.45	16.42	32.62	23.69	13.43	11.14	50.22	98.7	157.75	53.2	31.97	86.45	45.05	38.38	23.17	59.8	11.95	15.18	55.27	24.76	65.51	18.78			348.3	61.35	34.88	40	10.49	13.2	23.11	41.54	6.14	13.18	74.16	78.8	29.01	16.99	13.26	21.32	10.56	23.81	85.68
14.56	27.4	14.55	35.7	10.1	6.53	26.7	6.26	20.03	3.73	87.97	976.3	55	112.98	28.31	16.67	32.32	23.78	13.93	11.51	50.48	103.1	157.51	55.8	31.93	84.58	44.54	37.69	22.82	60.91	12.32	16.7	54.39	25.81	65.9	18.55			335.8	58.75	33.33	40.6	10.61	13.01	23.43	41.98	6.28	13.13	75.8	78.24	28.8	16.98	13.08	22.26	10.41	24.38	85.04
14.69	26.84	14.96	35.63	10.24	6.55	26.2	6.24	20.35	3.75	88.21	987.1	58.59	115.06	28.13	16.22	32.33	23.4	13.78	11.3	50.1	103.08	158.33	55.45	31.3	81.15	46.05	37.96	22.64	60.94	12.24	16.44	53.84	25.31	66.06	18.53			325.6	59.79	32.3	40.96	10.43	13.06	22.6	42.96	6.2	13.18	76.9	79.14	29.26	17.17	12.94	22.34	10.25	24.15	85.51
14.2	26.2	14.83	36.22	10.1	6.53	26.03	6.17	20.31	3.92	86.63	982.98	58.57	114.9	27.88	16.22	32.44	22.89	13.78	11.3	49.3	101.89	154.69	54	31.58	85.93	45.7	36.13	21.34	59.65	12.04	16.03	53.9	23.98	66.03	18.12			343.15	58.24	33.19	40.69	10.17	12.88	22.6	43.09	6.15	13.05	77.2	78.49	29.31	16.98	12.37	22.36	10.39	23.43	84.52
14.01	26.43	14.77	36.38	10.08	6.56	26.02	6.17	20.32	3.67	86.4	979.86	57.33	113.82	27.79	16.23	32.83	23.6	13.68	11.46	50.22	101.95	158.25	53.3	31.48	86.37	46.45	35.47	21.58	59.29	12.11	16.04	54.39	23.62	66.5	18.12			332	58	33.82	40.76	10.23	12.77	22.28	42.45	6.05	12.95	76.24	79.2	29.66	17.27	12.5	22.8	11.04	23.6	85
14.27	27.58	15.09	36.72	10.3	6.78	26.08	6.21	20.36	3.73	88.05	996.35	56.88	117.3	27.84	17.03	33.11	25.1	13.71	11.55	52.15	101.97	162.4	53.65	32.81	86.7	47.28	36.45	21.08	59.18	12.15	16.13	54.78	24.04	66.9	18.34			330.15	58.5	33.22	41.16	10.21	12.82	22.41	42.92	6.07	12.95	80.93	81.27	29.9	17.32	12.43	23.22	11.24	23.54	86.58
14.06	27.58	14.86	36.73	10.18	6.81	25.81	6.02	20.38	3.77	88.61	984	58.1	117.95	27.81	17.01	33.41	24.79	13.55	11.28	52.5	101.77	163.2	53.67	32.53	91.32	47.16	35.98	21.07	60	12.05	15.68	54.67	23.86	66	18.29			334.97	58.79	35.94	41.05	10.21	12.76	21.85	42.79	5.93	13.08	80.83	83.78	30.49	17.29	12.44	23.14	11.24	23.17	88.65
14.61	29.84	15.25	37.73	10.37	7.12	27.1	6.14	20.4	3.74	91.84	1031.86	56.48	126	28.62	18.19	34.26	27.27	14.11	12.41	55.06	104.38	168.55	54.9	33.9	90.9	48.45	36.9	21.13	61.61	13.26	16.39	53.52	25.02	68.23	18.59			331.68	61.31	34.95	41.8	10.45	13.02	21.67	43.9	6.42	13.4	83.65	86.5	31.68	17.8	12.68	23.39	11.55	23.23	90.2
14.26	29.31	15.18	37.01	10.53	7.21	27.29	6.1	20.62	3.78	91.06	1025	55.99	128	28.86	18.77	34.47	26.97	14	12.13	58.1	106.08	174	52.85	34.08	92.18	47.51	36.52	21.4	66.85	13.3	16.47	52.72	24.61	70.21	18.45			336	63.39	34.97	41.01	10.33	13.2	21.77	43.52	6.19	13.19	84.18	84.43	32.1	17.98	13.33	23.51	11.6	23.2	91.18
13.95	28.37	14.87	37.07	10.43	7.15	26.89	6.08	20.67	3.83	90.66	987.9	56.29	123.91	29.17	18.98	33.55	25.78	13.9	12.17	57.87	102.78	165.8	51.25	33.2	93.45	47.05	36.15	21.41	69.33	13.41	16.04	52.69	24.03	68.37	18.33			331.38	60.89	34.52	39.6	10.28	13.36	20.98	42.8	6.15	12.92	82.77	82.86	31.48	17.94	13.22	23.23	11.44	23.18	88.18
13.86	28.09	14.8	37.2	10.52	7.2	25.72	6.11	20.53	3.72	89.9	981.2	56	123.09	29.55	18.63	33.41	25.56	14.11	11.86	57.62	104.49	162.59	51.62	33.24	93.15	45.42	36.08	21.3	68.5	13.26	15.76	52.59	24.29	66.11	18.29			325.55	58.97	35.28	38.5	10.05	13.64	22.33	42.86	6.37	12.86	81.43	79.75	31.03	17.78	12.7	22.93	11	23.37	83.3
13.95	28.15	14.76	37.08	10.5	7.15	25.6	6.13	20.61	3.76	90.85	999.82	56.48	129.81	29.45	18.72	33.47	19.79	14.19	11.82	59.7	102.8	164	51.23	33.28	87.7	45.94	36.47	21.1	68.17	13.15	15.82	52.8	24.2	67.4	18.27			326.32	61.05	35.57	38.23	9.98	13.54	22.94	43.48	6.37	12.87	84.9	81.4	33.1	17.78	12.56	23.05	11.05	23.69	86.5
13.59	27.28	14.17	36.7	10.18	7.01	24.72	6.01	19.07	3.7	88.59	984.86	55.88	127.03	29.15	18.51	32.98	19.56	13.7	11.32	58.08	98.69	163	47.17	32.26	88.49	46.16	35.56	21.31	64.9	12.68	14.9	53.2	23.34	66.5	17.79			326.25	62.93	35.64	36.74	9.88	13.44	23.1	41.87	6.16	12.7	83.7	79.79	31.62	17.46	12.34	22.68	10.5	23.43	85
13.29	26.67	14.38	36.57	10.24	7.1	24.71	5.9	18.99	3.65	87.53	976.06	54.81	126	29.15	18.66	33.27	19.6	13.88	11.22	58.3	108.56	162.2	48.06	32.18	92.98	45.71	35.29	20.31	66.96	12.71	14.9	53.38	23.48	66.48	17.82			326.23	64.8	35.8	36.78	9.83	13.48	23.04	41.73	6.09	12.67	83.51	80.39	31.65	17.43	12.1	23.2	10.54	23.09	85.02
13.32	26.92	14.17	36.7	10.09	6.97	24.1	5.83	19.07	3.58	87.88	982.52	54.53	126.43	29.17	18	33.16	19.88	13.75	11.16	58.9	91.56	165.26	49.07	32.44	93	44.02	35.12	20.48	45.43	12.73	14.68	53.45	23.37	67.41	17.72			326.8	64.65	35.2	36.65	9.98	13.46	24.06	41.44	6.16	12.48	85.1	81.4	31.66	17.31	9.85	23.42	10.49	22.72	87.94
12.88	27.01	14.36	36	10.08	7.08	23.8	5.83	19.03	3.58	87.98	981.5	54.4	123.5	29.21	18.11	33.88	19.5	13.72	11.13	58.43	92.92	162.89	47.81	32.06	91.82	41.38	35.9	20.7	45.46	12.79	14.52	53.43	23.08	66.66	17.79			319.94	65.16	34.56	37.72	9.9	13.47	24	41.69	6.06	12.82	86	80.18	31.25	17.31	10.29	24.4	10.37	23.18	86.12
13.6	26.97	14.51	38.13	10.13	6.99	23.87	5.85	19.03	3.52	88.75	986.09	54.2	125.58	29.65	17.99	33.83	19.5	13.87	11.08	58.5	89.9	159	47.74	32.2	98.6	42.94	35.4	20.55	44.87	12.77	14.7	54.01	23.07	66.45	18.18			332.02	65.23	35.49	38.86	10.05	13.55	24.09	42.1	6.05	13.13	88.45	81.93	31.97	17.31	10.55	24.21	10.5	22.8	87.71
13.59	27.15	14.65	37.63	10.64	7	24.25	5.88	18.9	3.55	88.08	975.93	54	125.09	30	17.99	33.72	20.26	13.86	10.79	60.3	98.89	159.07	52.19	32.87	101.78	41.72	35.3	21.4	45.82	12.76	15.12	55.2	23.64	67.38	18.29			329.18	68.92	36.52	38.85	10	13.35	24.95	41.55	6.09	13.43	87.48	81	31.7	17.44	10.5	24.57	10.26	22.87	87.82
13.36	26.77	14.67	37.34	10.72	7.17	24.51	5.9	19.07	3.57	86.95	968	54.4	123.58	30.06	17.48	32.69	20.12	13.35	10.73	60.24	99	154.43	51.59	32.93	100.48	41.15	35.31	21.88	45.9	12.66	14.9	54.7	23.67	66.06	18.17			337.8	68.33	37.29	38.8	9.91	13.52	25	41.45	6.19	13.42	84.9	79.6	31.19	17.19	10.47	24.81	10.13	23.26	86.2
13.42	26.9	14.79	37.5	10.56	7.15	23.87	6.01	18.98	3.52	86.99	963.5	54.76	123.6	30.13	18.47	32.48	20.58	13.33	10.8	58.7	96.28	158	52.45	32.51	96.85	41.01	35.21	22.3	45.6	12.81	14.97	53.6	23.76	66.24	18.06			334.69	70.19	35.9	38.81	9.91	13.56	25.25	41.8	6.21	13.44	84.41	80.53	31.22	16.94	10.81	24.8	10.07	23.39	84.71
13.69	26.17	14.52	37	11.06	6.74	23.32	5.95	18.96	3.53	86.73	947.5	55.12	121	30.09	17.83	32.11	20.04	12.79	10.35	58.51	96.04	157.21	50.2	31.36	97.93	40.13	35.32	23.38	45.6	12.36	14.64	52.75	21.38	66.02	18.09			334.96	70.49	35.95	37.75	9.38	13.55	26.05	40.81	6.08	13.71	83.66	81.01	31.25	16.71	10.8	24.37	10.04	23.39	85.2
13.6	26.48	14.46	37.2	10.86	7.06	23.69	5.95	19.23	3.67	88.35	955.87	55.46	122.14	30.71	17.7	32.25	20	13.11	10.29	57.65	94.5	156.6	50.76	31.22	95.77	42.47	36.37	24.62	45.7	12.46	14.72	51.6	20.83	66.02	18.41			332	71.75	34.75	38.88	9.74	14.38	25.91	40.52	6.08	13.61	84.45	81.51	31.37	16.81	10.71	24.22	10.04	23.17	85.88
13.45	28.55	14.31	36.98	10.89	6.97	23.3	5.86	19.11	3.61	87.68	957.02	54.62	123.45	31.1	17.96	32.26	20	13	9.99	57.8	95.78	156.84	48.68	31.28	100.9	41.06	36.37	24.36	43.17	12.25	14.48	51.51	20.28	66.54	18.37			329.3	70.65	36.21	37.65	9.44	14.5	25.5	40.28	5.92	13.71	85.2	82.06	31.19	16.55	10.83	24.1	10.19	23.41	88.02
14.05	29.06	14.59	37.14	11.08	6.88	23.79	5.85	18.96	3.61	87.5	953.98	55.08	120.05	30	17.96	32.1	20.37	13.23	10.66	59.1	98.98	155.17	48.96	31.57	100.27	41.28	36.21	23.62	43.2	12.43	14.6	51.03	20.79	66.05	18.51			332.81	70.28	37.81	37.93	9.94	14.3	25.73	41.18	6.03	13.6	81.1	81.98	30.93	16.7	11.14	25.28	10.33	23.23	86.13
14.13	28.89	14.82	37.44	11.07	6.99	24.35	5.89	19.1	3.64	88.85	946.36	55.09	119.5	29.97	18.62	32.42	21.22	13.46	10.73	59.95	108.88	159	50.09	32.71	102.95	41.78	36.43	23.77	43.55	13.06	14.96	51.8	21.07	66.6	18.73			325.41	70.71	39.25	37.99	9.83	14.31	25.6	42.64	6.08	13.92	81.22	81.69	31.17	16.88	11.65	24.98	10.39	22.92	85.97
14.25	30.25	14.84	37.55	11.58	7.19	24.46	5.91	19.19	3.61	89.41	963	53.68	121.68	30.08	18.96	32.4	21.69	13.34	11.4	60.15	110.96	163.1	50.2	33.15	102.1	41.8	37.26	26.15	41.73	13.41	14.96	51.22	21.37	66.72	19.32			328.2	71.71	39.9	38	9.8	14.36	25.37	42.69	6.19	13.99	81.81	84	31	16.99	11.98	24.79	10.52	21.71	88.1
14.25	30.8	15.08	38.34	11.47	7.2	24.2	5.88	19.13	3.58	90.1	965.03	53.43	121.25	29.96	19.16	32.34	21.93	13.25	11.47	60.27	107.99	164.4	49.33	33.4	101.6	41.89	37.22	27.05	44.66	13.25	14.84	51.25	21.33	66.82	19.22			334.48	71.54	41.03	37.76	9.73	14.48	24.89	43.41	6.08	14.65	82.21	85.05	31	16.83	11.84	24.78	10.74	20.94	89.6
14.79	30.86	15.36	38.77	11.03	7.29	25.04	5.82	19.02	3.57	89.45	976.41	52.98	123.75	29.7	19.19	32.24	21.83	13.86	11.79	60.49	112.5	161	49.26	33.34	98.06	43.02	36.83	26.75	45.71	13.31	15.71	50.32	21.2	66.65	19.19			340.5	76	40.3	37.37	9.67	14.47	24.9	44.38	6.09	14.34	82.93	84.98	30.85	16.68	11.74	25.38	10.68	20.85	90.5
14.59	30.42	15.7	38.84	10.85	7.22	26.3	5.86	19.28	3.63	89.98	978.93	50.93	122.9	29.82	19.28	31.95	21.55	14.33	11.51	63.9	110.85	162.38	49.5	33.33	97.8	42.57	36.77	25.89	46.35	13.39	15.79	50.17	21.3	66.96	19.5			344.15	77.16	40.16	39.29	9.72	14.62	24.46	43.98	6.21	14.31	82.19	84.26	30.87	16.88	11.71	26	10.38	20.5	89.94
14.56	30.87	15.6	39.45	10.88	7.35	26.18	5.81	19.21	3.66	88.09	972.6	50.27	120.71	28.76	19.1	31.2	21.6	14.31	11.45	64.22	113.93	158.9	48.59	32.92	92.3	41.1	36.56	25.66	47.91	13.67	15.87	49.96	21.38	66.94	19.13			344.07	76.6	40.31	39	9.67	14.21	24.92	43.98	6.13	14.12	80.64	82.78	29.98	16.83	11.85	26.16	10.29	20.91	90.5
14.44	30.71	15.54	39.19	10.69	7.16	26.29	5.76	19.06	3.58	87.51	959.3	51	119.03	28.42	19.03	31.32	21.79	14.21	11.67	63.74	112.9	157.78	47.14	32.73	93.1	40.92	36.2	26.9	49.94	13.42	16.53	50.32	21.63	66.73	18.86			331.01	77.39	39.33	38.6	9.43	13.83	24.68	43.91	6.1	14.19	79.87	82.01	29.39	16.88	11.81	25.6	10	20.79	89.5
14.14	29.62	15.33	39.08	10.4	7.06	26.3	5.64	18.63	3.58	86.03	954.45	49.94	118.12	28.01	19.19	31.14	21.09	13.97	11.39	62.96	112.04	158.6	48.5	31.4	90.14	40.3	35.75	26.53	48.6	12.89	16.14	51.57	21.23	66.04	18.79			339	78.2	38.29	38.77	9.41	13.82	25.16	43.5	6.09	13.93	79.81	81.9	29.23	16.18	11.88	25.75	9.86	21.34	90.47
13.75	28.71	15.08	40.7	10.19	6.87	25.84	5.57	18.14	3.79	84.61	942.43	50.38	116.95	27.01	18.14	30.81	20.23	14	11.37	61.86	111.8	153.36	50.4	31.13	87.87	39.52	35.21	25.81	47.6	12.62	15.79	51.46	21.14	64.1	18.36			333.45	77.6	38.1	37.86	9.34	13.39	24.53	41.82	6.01	13.59	77.31	79.36	29.25	15.8	11.68	25.03	9.88	21.07	85.8
13.3	28.7	15.03	39.7	10	6.85	25.68	5.47	17.95	3.69	84.51	946.3	51.36	121.28	27.02	18.14	28.1	20.52	13.9	10.61	61.42	109.99	152.81	51	30.5	87.43	39.7	34.88	26.03	48.16	12.33	16.63	51.69	20.29	64.74	18.2			333.62	75.26	36.92	37.18	9.16	13.53	24.46	41.85	5.85	13.56	78.9	78.95	29.58	15.43	11.33	25.07	9.96	21.15	85.85
13.23	28.73	15.3	40.16	9.84	6.96	25	5.44	18	3.78	83.47	945	51.56	118.88	27.36	18.15	28.16	20.48	13.85	10.48	63.8	112.07	155.87	48.7	30.17	88.68	39.76	34.53	26.79	52.98	12.24	16.4	51.83	19.94	65.5	18.29			333.5	75.31	38.34	36.96	9.07	13.72	24.99	41.79	5.78	13.58	77.99	79.01	30.04	15.41	11.11	25.04	9.75	21.2	86.2
13.12	28.9	15.78	40.91	9.7	6.96	24.81	5.43	18.12	3.8	84.51	971.68	51.3	120.52	27.65	19.56	28.06	21.53	13.87	10.63	66.4	120.12	160.15	47.73	30.24	86.2	42.31	35.36	26.1	58.28	12.35	17.5	52.25	20.25	66.66	18.7			325.13	75.67	37.93	37.33	9.39	13.76	24.4	43.8	5.75	13.56	79.3	80.75	30.38	15.15	11.35	25.41	9.76	21.33	87.52
13.2	28.09	15.41	39.87	9.68	6.8	24.24	5.38	18.06	3.73	84.35	962.03	51.25	118.02	27.29	19.94	27.4	20.99	14.02	10.38	65.91	120.3	160.37	49.13	27.9	87	41.76	34.99	25.95	56.99	12.29	17.77	51.04	20.07	66.88	18.6			327.01	72.74	40.15	37.06	9.55	13.51	24.76	42.94	5.57	13.48	77.38	80.15	30.82	15.19	11.23	24.97	9.52	23.13	87.4
13	29.79	15.76	40.33	9.97	6.84	25.95	5.43	18.41	3.71	86.5	1018.63	52.42	122.84	27.77	20.32	28.14	22.25	14.34	11.01	66.2	131	161.03	49.99	28.75	87.2	41.5	35.41	25.26	56.02	12.86	18.5	52.05	20.41	67.25	18.83			326.68	73.45	38.7	38.12	9.47	13.92	24.59	43.68	5.84	13.71	79.63	81.37	32.13	15.38	11.23	25.7	9.59	22.76	87.6
12.8	28.96	15.49	40.77	9.71	6.94	26.24	5.39	18.3	3.83	85.01	1017.95	52.79	122.3	27.33	20.4	28.21	22.05	14.12	11.02	65.4	130.21	163.01	51.33	28.32	91.81	41.73	34.85	24.31	55.99	13.49	18	52.22	20.02	67.06	18.38			346.3	72.71	38.28	38.55	9.35	13.68	27.05	42.48	5.75	13.26	79.2	80.78	31.93	15.06	11.34	24.48	9.38	22.64	86.8
12.8	29.2	15.86	41.07	9.66	6.88	26.27	5.4	18.4	3.72	85.04	1043.33	54.54	125.85	27.13	20.29	28.23	22.4	14.72	11.13	68.19	121	165.08	50.7	28.67	90.59	41.79	34.86	24.59	60.95	13.69	17.54	51.93	20.08	68.69	18.09			355.11	72.28	38.69	38.46	9.31	13.63	26.64	42.88	6.08	13.11	83.52	81.5	32.5	15.15	11.65	25.15	9.99	22.71	88.65
13.02	29.83	15.73	40.8	9.46	6.79	26.84	5.4	18.5	3.71	86.31	1044.9	54.88	125.98	26.34	20.65	28.14	23.65	14.93	11.26	69.13	123.4	165.1	55.77	28.37	96.33	41.85	34.87	24.48	61.53	14.29	17.76	52.78	20.61	69	18.05			353	72.35	38.43	39.35	9.49	13.95	26.98	42.89	6.32	13.3	84.28	82.07	32.6	14.88	11.82	24.78	9.81	22.64	87.43
12.98	30.01	15.59	40.76	9.6	6.91	27.82	5.41	18.54	3.71	87.46	1054.6	54.89	126.3	26.28	20.5	28.7	23.5	15.13	11.59	69.99	120.81	166.51	59	28.18	101.23	44.74	35.16	24.51	60.21	14.36	18.26	54.23	22.01	69.12	17.93			350	75.1	40	39.44	9.59	13.85	26.25	42.6	6.95	13.26	86	84.84	33.13	14.92	11.67	25.6	9.58	22.22	90.72
13.19	31.28	15.78	39.83	9.87	7.26	28.34	5.55	18.89	3.68	88.45	1055.88	54.17	127.9	26.88	21.49	29.2	24.23	15.87	12.19	70.39	132.89	169.3	60.31	29.96	102.82	44.9	35.3	25.08	61.46	15.09	18.87	54.31	24.21	71.94	18.04			352	71.35	40.47	40.9	9.87	14.28	26.72	43.5	7.28	13.56	86.2	84.86	32.97	15.4	11.78	25.74	10.24	22.77	90.9
13.7	31.16	15.75	39.74	9.81	7.4	28.11	5.52	18.88	3.7	87.94	1070	55.35	129.59	27.17	21.63	28.97	25.43	15.78	11.93	67.6	131.95	170.52	60.26	29.85	110.79	44.82	35.33	25.4	60.94	14.77	18.87	54.45	24.63	71.96	18.16			351.65	70.45	42.85	41.6	9.9	14.45	27.9	43.89	7.63	13.95	86.3	83.96	32.79	15.51	12.37	26.2	10.12	22.42	91.2
15.07	31.6	15.88	43.71	10.79	7.55	28.9	5.5	18.95	3.66	87.73	1066	55.32	127.85	27.39	22.08	28.18	24.92	15.64	12.09	68.14	139.84	168.49	60.76	30.13	112.5	44.25	35.45	26.35	59.29	15.15	18.58	53.9	24.71	71.71	18.1			352	70.17	43.3	41.83	9.82	14.54	27.65	43.51	7.47	13.66	86.6	85	32.6	15.31	12.46	26.41	10.5	22.25	90.8
14.95	31.8	16.24	42.55	11.07	7.65	29.3	5.52	18.59	3.62	87.98	1104	54.78	130.5	27.16	22.48	28.29	24.41	15.96	11.66	69.26	136.5	170.12	59.22	29.69	114.8	44.82	35.34	25.94	58.3	14.82	18.48	54.21	24.82	71.73	18.17			350.75	71.15	42.61	41.7	9.81	14.36	27.65	43.33	7.89	13.4	87.66	85.75	33.63	15.25	12.46	25.98	10.27	22.32	94.35
14.83	31.68	16.51	41.12	11.09	7.66	29.05	5.47	18.78	3.63	89.89	1130.1	55.5	130.1	26.96	22.8	28.6	25.67	15.65	11.02	71.58	134	175.4	58.6	29.24	113.85	45.08	36.27	26.16	56.8	14.95	18.18	54.11	25.06	76.6	18.4			349.88	69.82	44.85	41.93	9.83	14.47	28.71	42.91	8.68	14.11	88.69	87.19	34.56	15.24	12.8	26.05	10.19	22.77	95.28
14.54	30.65	16.62	39.95	11.27	7.6	28.16	5.43	18.69	3.69	87.5	1102.95	57.47	127.42	26.45	21.98	28.17	25.14	15.79	10.54	70.15	136.3	174.99	58.46	28.85	121.5	43.78	35	25.8	55.18	14.23	17.81	53.84	24.4	75.55	18.1			352	71.29	46.2	41.3	9.84	14.44	28.9	42.46	8.37	13.78	86.87	86.84	34.36	15.13	12.49	25.54	10.16	22.84	94.84
14.9	31.33	16.81	40.49	11.44	7.55	28.28	5.48	18.8	3.69	87.68	1109	57.8	132.38	26.52	22.48	28.65	25.23	16.01	10.93	73.46	137.52	182.6	59.44	29.71	120	43.25	34.75	26.65	54.99	14.4	18.06	53.4	25.49	75.8	18.27			359.6	78.32	45.65	41.62	9.81	14.37	28.79	44.2	8.44	13.83	89.25	87.5	34.43	15.67	12.48	25.9	10.34	23.33	95.57
15.19	31.05	17.38	42	11.35	7.84	27.6	5.5	18.83	3.64	86.9	1100.11	59.85	133.92	26.55	22.23	29.48	24.8	15.89	10.79	74.15	136.25	181.91	62.44	29.79	123.09	43.17	34.5	27.46	54.72	14.08	17.38	54.1	25.05	77.12	17.37			368.02	80.72	49.6	41.48	9.91	14.25	28.95	43.68	8.1	13.56	88.85	85.61	33	15.69	11.98	25.88	10.27	23.83	94.89
15.09	30.52	17	42.31	11.58	7.72	27.61	5.52	18.55	3.7	86.7	1113.1	58.87	137	25.97	22.45	29.1	24.91	15.92	10.92	75.91	145.6	179.08	68.68	29.18	131.55	43.23	33.93	27.96	54.4	14.37	17.25	53.47	25.2	76.94	17.18			357.3	80.31	45.71	41.98	10.08	13.71	28.05	45.2	8.08	13.46	92.28	84.56	32.68	15.55	12.7	26.26	10.21	24.15	94.9
14.65	30.92	16.72	42.3	11.45	7.66	26.8	5.53	18.69	3.66	87.32	1142	58.8	141.5	25.8	22.53	28.65	24.48	15.45	10.82	76.79	144	186.35	74.1	28.81	137.28	43.35	34.28	27.68	56.94	14.21	17.52	53	25.5	80.05	17.17			365.47	80.4	50.28	43.69	9.85	13.45	27.97	44.71	8.38	13.47	96.88	84.05	32.6	15.91	12.4	26.42	10.03	24.32	95.48
15.38	31.5	16.83	43.32	12.39	7.76	27.58	5.67	19.37	3.62	88.5	1138.76	59.34	141.89	25.89	22.04	28.58	24.74	16.8	11	75.98	155.02	189.84	81.51	29.36	143.95	43.47	34.34	27.76	57.62	14.52	17.75	52.71	26.89	79.61	17.26			370.01	80.27	55.31	47	9.77	13.48	27.75	44.9	8.27	13.73	98.07	85.26	32.73	15.99	12.27	27.29	10.02	24.2	94.39
15.39	33.29	16.84	42.33	13.09	7.67	27.89	5.74	19.38	3.57	88.25	1140	59.4	141.5	25.7	23	28.41	25.6	16.74	11.52	74.98	154.01	184.46	85	29.83	144.77	42.3	34.15	27.11	61.98	15.01	18.11	52.84	26.72	78.5	17.24			374	81	60.84	47.05	9.45	13.3	27.62	44.7	9.1	13.59	96.16	83.98	32.38	15.75	11.88	27.26	9.93	24.39	94.58
15.1	33.07	16.64	42.3	12.8	7.7	28.58	5.82	19.59	3.59	88.3	1125.01	58.7	138.31	26.7	22.7	28.53	25.1	17.64	11.6	73.7	150.92	182.86	86.3	29.6	141.9	42.32	34.89	26.77	60.61	15.13	18.06	52.7	27.24	78.28	17.58			383	80.16	66.92	47.91	9.35	13.87	27.98	45.58	9.78	13.85	94.25	83.95	32.72	15.86	11.93	26.9	9.98	24.71	92.24
15.13	33.06	16.85	42.32	12.7	7.65	28.61	5.8	19.42	3.63	89.23	1144	59.61	138.9	26.7	22.84	29.02	25.54	18.76	11.66	72.5	150.75	182.33	86.78	30.65	141	42.37	35.52	27.13	61.12	15.2	18.55	52.08	26.95	78.48	17.85			382.31	82.39	66.14	50.27	9.36	13.71	28.2	46.97	9.78	14.6	94.5	84.4	32.54	15.97	12.21	26.59	10.02	24.28	93.05
14.89	33.89	17.07	42.02	12.64	7.66	28.6	5.86	19.64	3.54	90.7	1142.49	58.93	140.01	26.89	23.05	29.13	25.63	18.28	11.8	73.19	149.84	183.4	83.7	33.49	155.1	42.05	35.89	26.97	59.49	15.31	18.47	52.07	26.55	80.11	17.97			384.21	76.02	72.75	48.79	9.21	13.77	27.56	46.7	9.88	14.75	94.03	86	32.76	16.02	12.22	26.79	9.78	23.53	94.18
14.85	34.71	16.96	42.11	12.89	7.91	30.8	5.88	19.6	3.55	90.4	1136.52	57.6	139.2	27.07	25.36	29.69	26.07	18.65	12.98	72.27	154.03	182.28	92.07	36.84	153.99	42.6	35.5	26.72	61.41	15.36	19.59	51.08	27.8	79.25	17.79			382.5	72.98	69.73	48.91	9.26	14.07	27.21	47.2	10.06	14.87	93.25	85.02	32.71	15.91	12.25	27.06	9.88	23.43	93.8
14.75	34.91	16.8	42.37	12.8	8.23	30.21	5.91	19.56	3.54	89.44	1123.85	58.22	137.25	27.24	24.54	30.06	25.27	17.97	13.43	73.49	148.57	179.9	84.24	36.93	150.72	42.3	35	27.74	66.55	15.1	20.16	51	26.97	80.57	17.66			398.19	73	71.4	48.6	9.41	13.99	27.17	47.2	9.7	14.67	92.7	84.4	33.78	15.81	12.34	26.6	10.05	23.59	92.99
14.47	34	16.33	42.7	13.02	8.33	29.64	5.94	19.53	3.56	89.56	1069.52	58.49	129.26	26.91	23.9	29.73	24.37	17.77	13.27	71.02	145.68	180.2	81.4	35.46	151.2	41.91	35.05	28.73	66.15	15.21	19.27	51.32	26.68	78.09	17.81			394.5	69.8	71.86	48.3	9.3	13.95	27.55	46.5	9.62	14.6	87.51	82.2	33.24	15.85	12.37	26.21	9.91	23.34	91.11
15.12	34.5	16.64	43.73	12.79	8.44	29.62	6	19.61	3.55	92.34	1099	58.04	131.55	27.78	24.7	29.75	24.88	18	13.54	71.56	146.68	180.26	80.69	35.74	149.96	42.25	35.29	28.94	65.7	15.31	19.23	51.1	26.61	78.6	17.89			395.68	70.3	73.3	48.33	9.19	14.64	27.06	46.89	9.54	14.75	88.89	83.16	33.06	15.94	12.85	26.19	9.78	22.97	92.39
14.9	34.5	16.84	44.65	13.74	8.22	29.63	5.97	19.72	3.58	91.35	1099	57.71	130.92	27.21	24.16	29.32	26	18.26	13.8	71.05	153.33	181.9	81.55	35.29	144.02	42.36	35	28.85	66.1	14.88	19.4	52.65	26.79	79.76	17.86			401.84	72	73.56	47.6	9.2	14.47	28.2	47.27	10	14.58	86.79	82.8	32.9	15.83	12.85	26.11	9.64	22.96	92.75
14.38	33.6	17.81	44.14	12.65	8.21	29.2	5.87	19.72	3.49	89.52	1094.01	58.16	131.54	26.82	23.55	28.92	26.07	17.51	13.73	71	151.9	181.97	79.81	34.4	147.4	42.38	34.79	26.91	62.9	14.17	18.76	52.5	25.44	79.03	17.56			394.36	72.3	70.9	46.53	9.06	14.48	26.39	46.49	9.99	14.32	87.82	82.04	32.95	15.52	12.43	26	9.37	22.86	92.04
14.29	33.76	16.8	43.49	12.73	8.2	29.3	5.9	19.55	3.48	90	1148.9	57.82	135.56	26.94	23.92	29	27	17.85	13.9	73.58	167.09	184.66	78.1	34.02	150.3	43.97	34.8	26.15	63.3	14.36	18.76	52.18	25.34	79.81	17.44			393.85	72.08	77.1	46.64	9.06	14.85	26.41	46.2	10.72	14.4	90.2	82.77	33.06	15.6	12.22	26.77	9.46	22.72	93.8
14.27	34.45	16.65	44.55	12.73	8.37	29.04	5.88	19.48	3.47	89.6	1145	57.62	134.92	26.73	23.8	28.79	27.1	17.79	15.29	72.95	172.11	184.07	81.01	35	163.9	44.35	34.51	25.98	63.22	14.49	19.21	52.92	25.85	80.14	17.46			388	74.98	83.45	47.3	9.1	14.81	26.47	45.96	11.1	14.44	88.7	81.92	32.69	15.82	12.2	26.96	9.69	23.05	95.61
14.45	34.41	17.16	44.7	13.13	8.23	28.68	5.9	19.6	3.5	89.85	1157.42	56.9	136.84	26.8	23.88	28.89	27.71	18.4	15.34	71.7	183.5	187.16	81.39	34.4	180.29	43.91	34.51	25.91	61.93	14.49	19.02	53.45	28.44	81.5	17.57			399.01	74.97	85	47.22	9.11	14.58	26.23	45.17	10.65	14.82	89	81.26	32.97	15.83	12.48	26.99	10.19	22.48	93.37
13.95	34.04	17.39	45.7	13.21	8.23	28.51	5.81	19.22	3.45	88.91	1149	57.3	134.85	26.15	22.62	28.39	27.87	18.75	15.58	70	193.33	183.36	85.2	33.69	172.88	43.21	34.04	24.55	62.5	14.21	18.4	53.47	26.6	81.1	17.48			401.08	72.46	82.69	47.53	8.95	14.48	25.8	44.95	10.65	14.44	87.65	80.65	32.28	15.67	11.82	27.08	10.18	22.33	92.79
13.95	34.09	17.34	45.13	13.42	7.95	29.43	5.8	19.4	3.44	88.95	1184	58.15	136.51	26.13	22.52	28.3	27.23	19.5	16.15	71.95	193.01	186.98	81.84	34.53	158.38	42.57	34.08	24.97	66.26	15.59	18.49	53.66	28.28	82.5	17.37			395.05	69.49	80.15	48.5	8.98	14.39	26.31	44.71	10.28	14.34	88.5	79.89	33.63	15.46	11.89	27.53	10.12	22.23	93.8
13.26	33.06	17.1	44.77	12.46	7.88	28.57	5.75	19.2	3.41	88.78	1174	57.02	136.54	26.02	22.25	27.84	26.54	18.51	15.01	73.27	191.05	189.83	75.41	33.88	148.51	42.02	34.35	25.16	67.95	15.34	19.3	53.22	29.17	82.83	17.32			395	69.6	72.2	47.52	9.08	14.35	26.58	44.68	9.81	14.4	88.01	80.68	33.7	15.15	11.78	27.79	10.22	22.39	94.19
12.97	33.2	16.83	44.35	12.63	7.74	27.75	5.75	19.3	3.31	88.35	1167	57.71	134.1	26.22	21.77	28.05	26.12	17.65	13.99	72.87	171.95	189.88	72.89	32.61	148.02	41.28	35.22	24.4	67.22	15.03	17.78	52.65	27	81.31	17.51			412.3	62.64	75	46.59	8.96	14.46	26.52	44.23	9.14	14.39	87.74	80.35	33.82	15.25	11.85	27.89	11.03	22.94	93.53
12.92	33.19	16.71	45.28	12.5	7.76	28.4	5.74	18.69	3.29	88.3	1174.75	58.57	133.8	26	22.12	28.29	27.9	18.11	14.68	73.7	168.92	189.84	72.72	33.2	145.38	41.18	35.2	23.98	67.64	15.07	18.44	53.48	27.13	81.05	17.69			412.4	68	70.69	46.53	8.96	14.24	26.69	44.17	9.8	14.41	87.22	79.93	33.76	15.37	12	27.7	10.65	23.09	93.01
12.74	32.3	16.43	45.4	12.13	7.93	27.7	5.8	18.78	3.27	87.04	1150	58.7	129.8	25.9	22.32	28.52	26.76	18.03	14.08	74.24	171.53	184.46	71.78	32.01	140.35	41.03	34.75	23.95	62.7	14.4	18.65	53.94	25.7	80.68	17.53			415.02	70.5	68	45.76	8.89	14.3	26.38	44.15	9.36	14.28	85.22	79.78	34.3	15.3	12.16	27.94	10.31	22.69	93.06
12.73	30.9	16.4	43.97	12.94	7.7	27.31	5.71	18.65	3.26	88	1167.1	58.9	132.76	26.36	22.13	28.54	26.2	17.58	13.91	71.5	162	183.49	72.72	31.81	142.66	41.1	34.81	23.4	61.07	14.6	16.99	53.73	24.8	80.35	17.96			407.56	75.15	71.4	26.4	8.96	15.11	24.11	44.45	9.46	14.55	88.25	77.78	34.72	15.55	12.25	26.52	10.43	22.56	97.1
13.07	30.68	16.62	43.22	13.09	7.73	27.48	5.82	18.9	3.32	88.18	1146.81	59.02	131.81	26.8	22.1	28.2	25.95	17.9	14.05	71.87	170.8	175.3	74.4	32.15	146.51	41.77	35.18	24.16	61.06	14.23	16.65	53.75	25.2	78.69	18.3			417	76	73.19	26.46	8.92	15.67	24.2	43.59	9.42	14.39	87.48	78.13	34.01	15.59	12.36	26.49	10.41	22.52	93.25
12.96	30.97	16.98	44.76	14.22	7.87	28.2	5.89	18.81	3.33	88.5	1155	58.25	130.99	26.62	22.46	28.47	27.05	18.06	14.44	79.06	174.63	185.03	75.16	32.87	141.2	41.4	35.11	23.66	60.58	14.64	16.88	53.8	25.97	83	18.32			407.28	82.01	72.95	26.92	9	15.65	23.35	44.24	10.36	14.42	86.68	80.48	36.31	15.73	12.69	26.61	11.41	22	95.28
12.65	30.31	16.99	43.55	13.65	7.82	28.47	5.92	18.92	3.34	89.9	1174.6	57.8	131.25	26.81	22.31	28.3	27.2	18.01	13.83	83.9	169.58	182.36	72.81	32.9	146.8	41.64	36.29	23.67	57.08	14.82	18.57	53.59	26.59	83.39	18.66			418.97	82.3	74.5	26.54	8.97	15.71	23.29	44.78	10.38	14.75	87.67	80.26	36.34	15.77	13.16	26.32	11.38	21.85	94.81
12.92	30.67	16.9	42.45	13.73	7.98	28.79	6.31	18.94	3.33	90.45	1180	58.44	130.86	27.12	21.51	28.53	28.4	18.31	14.43	83.3	186.54	180.01	74.58	32.96	138.5	40.88	36.83	23.93	58.9	15.2	19.72	54	26.9	83.56	19.01			422.17	83.15	72.14	26.3	9.13	15.6	23.21	45.12	10.4	14.77	87.66	79.23	36.39	15.81	13.52	26.36	11.22	22.1	94.63
12.61	30.93	16.51	41.63	13.4	7.78	27.51	6.1	18.68	3.3	90.2	1211	58.81	132.69	26.77	21.5	28.61	28.16	17.99	13.53	82.45	181.25	179.85	70.65	32.05	137.3	40.9	36.64	25	57.4	14.91	19.69	53.47	25.83	85.25	19.07			436.18	83.79	71.42	26.21	9.15	15.6	23.3	43.94	9.84	15.01	88.33	78.28	36.3	15.63	13.45	27.65	10.9	21.79	95.31
12.16	30.44	16.43	42.13	13.17	7.67	27.35	6.09	18.6	3.28	90.58	1170	58.73	130.13	27.07	21.04	28.28	27.85	17.46	13.27	82.84	177.88	172.13	72.61	32.01	137.72	40.03	36.81	24.87	55.53	14.77	19.95	55.5	25.47	85.97	19.08			448.61	82.35	72.78	25.71	9.03	15.8	23.13	44.07	9.9	14.87	85.82	78.25	37.42	15.64	13.55	28.56	10.77	21.85	95.7
12.42	31.61	16.42	41.75	12.92	8	27.51	6.06	18.38	3.27	91.72	1183.33	58.18	130.3	27.35	21.21	28.18	29.4	18.14	13.24	83.44	178	179.28	72.09	32.16	132	40.1	37	24.9	55.01	15.21	19.74	58.89	25.42	85.8	19.03			446.5	83.05	68.77	26.91	8.97	15.68	23.26	43.45	9.9	14.79	86.12	80.43	36.64	15.6	13.45	28.87	11.43	22.06	96.25
12.1	31.7	16.21	41.25	12.45	7.87	27.34	5.99	18.18	3.21	89.75	1175.79	57.15	127.3	26.96	20.83	28.01	29.01	17.79	12.83	83.7	177.88	176.9	69.92	32.53	135.49	41.17	36.18	24.55	54.15	15.23	19.61	59.14	24.76	84.27	18.73			455.21	87.3	69.65	26.97	8.9	15.32	23.22	43.25	9.46	14.41	84.5	79.31	36.79	15.49	13.79	28.64	11.95	22.35	95.25
12.12	31.68	15.99	41.06	12.47	7.7	27.05	5.99	18.27	3.22	90.07	1168.5	56.9	128.12	27.64	20.86	27.89	29	18.5	12.9	80.75	177.8	175.18	70.44	31.98	141.45	40.78	36.22	24.6	53.58	15.28	19.79	59.39	25.33	82.61	19			475.8	88.27	71.57	26.7	8.94	15.78	22.75	43.7	9.38	14.46	83.57	77.64	36.57	15.52	13.59	28.8	12.11	21.87	94.75
12.55	31.83	16.28	41.75	12.62	8.17	26.95	5.98	18.12	3.21	90.29	1170.8	59.39	129	27.36	21.06	27.97	29.88	16.65	13.08	82	188.55	176.01	71.97	32.16	141	40.75	36.13	25	54.26	15.81	20.46	59.84	25.4	83.69	18.93			474.76	89.8	70.58	27.37	8.86	15.69	22.84	43.79	9.55	14.5	85.1	77.14	36.6	15.5	13.8	28.87	11.81	21.7	94.32
12.54	32.26	16.29	41.41	12.25	8.21	27.46	5.95	18.04	3.24	89.5	1158.91	58.67	127.32	26.78	20.4	27.67	30.43	16.84	12.98	80.23	184.78	174.87	70.72	32.32	136.59	40.81	36	26.34	52.63	16.11	19.96	59.5	24.56	82.78	18.94			477.3	89.39	69.37	27.27	8.64	15.32	22.84	43.9	9.37	14.27	84	77	35.85	15.47	13.55	28.61	11.56	22.18	92.07
12.25	32.8	16.12	41.57	12.39	8.33	28.33	5.92	18.3	3.21	89.8	1150.27	58.7	124.53	26.66	20.58	27.15	30.51	16.66	13.2	80.37	182.17	171.91	71.55	32.2	142.2	40.02	36.5	26.77	52.57	16.19	19.55	59.62	24.1	82.71	19.03			476.6	90.66	71.01	27.36	8.21	15.38	22.38	43.12	9.32	14.01	81.75	74.91	36.26	15.21	13.34	28.29	11.43	22.26	88.65
12.87	32.54	16.29	41.02	12.49	8.27	28.79	5.93	18.13	3.24	88	1171.35	63.78	128.2	26.97	20.35	27.37	31.96	16.59	14.23	81.44	182.99	176.29	71.81	33.35	149.26	40.49	36.4	26.78	52.6	15.88	19.53	57.2	24.79	87.54	18.85			478.6	99.73	73.23	27.98	8.37	15.53	22.8	44.71	9.92	14.07	83	75.68	37.3	15.5	13.61	28.6	11.5	22.62	90.39
12.95	32.53	15.98	41.18	12.48	8.17	28.78	6	18.26	3.36	88.64	1178.29	64.45	130.05	26.88	20.86	27.61	32.07	17.1	15.18	82.51	191.1	176.2	75.35	33.64	144.5	42.26	36.2	26.52	56.11	16.01	20.58	56.09	25.9	91.08	18.7			476.42	99.78	71.18	28.54	8.33	14.9	22.77	44.82	10.11	13.94	84.88	75.45	36.8	15.69	14.97	29.12	11.67	22.43	91.57
13.15	32.35	15.69	41.08	12.35	8.32	28.51	6.06	18.41	3.31	88.2	1193	64.08	131.5	26.67	20.29	28.01	33.18	17.17	15.15	81.79	195.01	178.58	71.04	33.74	158.6	43.49	36.15	25.69	55.3	15.7	19.71	56.55	25.88	90.76	18.67			464.14	101.03	74.86	27.86	8.2	14.69	23	44.88	9.98	13.86	85.83	73.43	36.28	15.69	15.03	29.83	11.4	22.71	91.93
13.08	32.9	15.34	41.23	12.27	8.22	28.89	6.07	18.43	3.35	87.95	1183.8	63.5	130.95	26.65	20.01	27.12	33.85	17.28	14.91	86.65	214.51	179.16	71.1	33.23	153.93	43.68	35.41	25.87	55.4	15.77	19.41	56.59	25.42	90.18	18.92			471.92	100.18	75.2	27.13	8.37	14.59	22.82	45.08	10.67	13.91	85.8	77.68	35.28	15.22	15.01	29.55	11.25	22.42	90.15
12.72	32.85	15.6	40.36	11.93	8.16	29.5	5.98	18.44	3.38	88.12	1180.01	63.71	132.08	26.53	20.24	29	31.81	18.27	15.2	86.64	217.01	178	68.96	33.4	159.84	43.3	35.5	25.53	55.97	15.35	18.63	56.55	26.39	90.88	18.72			494	98.5	73.07	27	8.34	14.41	22.55	45.61	10.19	13.47	87.2	76.25	36.05	16	14.91	29.6	10.93	22	90.35
12.57	33.3	15.72	42.7	11.92	8.19	28.73	6.06	18.38	3.37	90.04	1185	63.61	133.7	26.83	21	29.44	32.81	18.22	15.44	86.47	211.5	179.8	70.35	34	165.12	44.17	36.6	24.99	55.3	15.59	18.89	56.69	26.71	92.5	19.39			494.04	94.65	80	26.92	8.57	14.82	22.23	45.77	10.2	13.9	88.2	76.26	36.57	17.36	15.5	29.12	11.53	22.03	90.81
12.59	33.57	16.14	41.29	12.31	8.28	28.6	6.09	18.26	3.47	90.29	1199.59	61.17	133.99	26.86	21.11	29.45	32.84	18.68	15.38	86.69	217.81	188.1	71.74	34.48	173.8	44.93	37.18	24.74	56.43	15.78	19.29	57.83	28.45	92.2	19.83			485.9	95.66	82.8	26.75	8.58	14.79	21.41	46.49	10.99	14.09	87.4	77.69	36.5	17.61	16	29.89	11.36	21.84	92.92
13	33.68	16.27	41.9	12.39	8.34	28.72	6.14	18.3	3.47	90.06	1199	59.16	134.28	26.88	21.95	29.87	34.76	18.66	15.7	85.13	223.43	192.95	72.48	34.24	169.52	44.7	37.66	24.83	60.6	15.9	19.8	57.15	29.03	91.3	20			478	99.1	82.11	26.9	8.47	14.97	22.05	46.72	11.02	14.13	86.75	78.78	36.62	18.01	15.8	29.19	11.65	21.9	92.82
13	34.4	16.45	40.38	12.47	8.21	27.78	6.17	18.18	3.59	90	1193	58.85	132.63	26.65	22.42	29.47	34.24	18.55	15.47	85.54	218.03	189.31	69.81	33.22	167.4	44.7	38.15	27.31	61.8	15.62	19.54	56.2	28.26	91.19	20.17			483.93	94.79	83.47	27.05	8.19	14.67	22.3	46.71	10.87	13.87	84.86	78.55	36.7	18.13	16.35	29.02	11.2	21.71	92.39
13.05	34.2	16.48	40.2	12.65	8.08	28.89	6.2	18.06	3.59	89.77	1201.37	59.13	133.17	26.57	22.81	29.65	34.39	18.77	15.84	85.91	220.02	195	68.97	33.33	166.99	45.18	38.16	27.8	61.26	15.32	19.24	55.73	28.97	90.58	20.15			486.9	95.68	84	29.26	8.13	14.75	21.97	46.45	11.14	14.1	84.91	78.19	36.35	18.3	16.38	29.36	11.28	21.89	90.65
12.91	34.03	16.3	39.65	12.45	8.33	29.47	6.13	18.04	3.59	89.17	1205	58.86	134.59	26.74	22.69	29.47	34.46	18.4	15.02	85.03	226.99	194.46	68.71	32.85	166.93	45.79	37.75	27.5	60.64	16	19.59	56.53	28.75	91.3	19.88			477.96	93.02	82.62	29.22	8.04	14.62	22.11	46.46	11.54	14.09	85.62	77.87	35.9	18.56	16.39	29.16	11.05	22.15	90.5
12.54	34.21	15.97	39.24	12.24	8.67	28.83	6.08	17.63	3.5	88.21	1199	58.99	132.72	26.38	22.66	29	34.18	18.91	14.55	83.3	220.46	189.3	66.58	32.37	163.6	45.01	37.31	27.79	59.1	15.58	18.58	56.56	28.95	88.88	19.68			453.88	93.88	80.65	28.41	7.82	14.12	22.79	45.89	11.59	13.9	85	77.8	35.09	17.85	15.95	28.79	10.61	21.72	87.7
12.39	33.37	16.12	40.42	12.2	8.61	28.57	6.17	17.67	3.44	88.22	1201.6	59.46	133.37	26.28	22.63	29.19	33.93	18.6	15.23	83.37	222.7	191.27	66.68	32.49	175.75	45.92	37.2	28.02	59.77	15.78	18.25	55.13	28.63	89.67	19.74			457	96	84.1	28.42	7.79	14.16	22.52	45.96	11.05	13.93	85.23	77.46	35.62	17.88	15.81	28.99	10.35	21.64	86.92
12.03	32.8	15.8	40.61	12.1	8.45	29.46	6.11	17.41	3.49	88	1224	58.86	134.62	26.19	23.22	29.2	35.19	19.3	16.75	84.96	244.97	197.6	67.39	32.56	180.88	49	37	28.8	58.91	15.66	18.34	55.17	30.36	91.39	19.5			462.85	94.13	85.05	28.99	7.81	14.18	23	46.58	11.22	13.96	86.45	76.43	36.6	17.94	16	29.1	10.22	21.49	85.3
11.83	33.1	15.73	39.8	12.11	8.61	30.15	6.25	17.25	3.44	88.03	1230	57.45	134.55	26.39	23.2	29.1	35.19	18.27	17.63	85.78	245.99	198	67.91	32.77	171.9	49.08	36.74	30.84	56.8	15.99	19.01	54.3	30.55	94.33	19.27			456.99	94.95	84.7	30.71	7.66	14.14	22.94	46.87	11.11	14.07	86.46	75.93	37.1	17.74	16.02	29.38	10.25	21.62	84.72
11.47	33.99	15.89	40.28	11.17	8.42	30.35	6.2	16.9	3.53	87.9	1224.9	56.72	133.33	26.49	23.44	28.95	34.76	18.98	17.34	88	247.3	194	71.77	31.34	172.6	51.05	36.83	30.5	56.62	16.01	20.91	54.75	30.5	92.7	19.47			463.73	90.78	82.41	31.39	7.59	14.05	22.75	45.65	10.59	13.89	85.21	75.4	36.73	17.57	15.69	28.61	10.27	21.52	84.5
11.73	33.69	16.18	40.92	12.29	8.6	30.58	6.23	17.16	3.62	88.71	1227.28	57.81	133	26.42	23.03	29	34.31	19.54	17.12	87.4	247.42	194.31	70.62	31.36	178.9	51.35	37.5	30.49	57.36	15.94	21.19	54.53	31.25	92.9	19.93			439	92.57	83.6	31.9	7.69	14.14	23.25	45.7	10.7	14.19	85.06	76	36.45	17.74	16.01	28.85	10.5	21.43	86.65
12.31	33.46	16.24	41.38	12.93	8.78	33.64	6.25	17.26	3.77	88.89	1232.32	58.54	133.5	26.72	23.25	29.81	35.42	21.49	17.11	93.12	258	195.02	71.24	31.89	170.38	52.1	37.52	29.63	61.5	16.08	23.31	55.36	32.5	95.63	19.84			429.8	95.68	81.39	33.51	7.66	14.5	23.11	46.13	10.83	14.65	85.52	76.1	37.75	18.33	16.07	29.12	10.78	21.51	86.95
12.4	31.99	16.34	41.98	12.95	8.97	35.72	6.15	17.23	3.77	88.05	1233.75	57.64	134	26.65	23.07	29.41	34.7	22.19	16.76	91.9	259.99	195.01	73.97	31.36	169.3	51.33	36.58	30	61.76	16.21	22	55.53	30.98	95	19.16			420.9	92.5	86	33.29	7.56	14.36	23.44	46	10.88	14.58	87	76.37	37.4	18.11	15.92	29.23	10.58	21.41	86.41
12.49	31.71	16.55	41.85	12.88	9.24	34.5	6.18	17.19	3.68	86.34	1231.3	58.45	133.66	26.75	23.05	29.15	34.64	22.59	16.97	91.5	249.2	190	75.29	31.09	161.9	51.74	36.44	31.39	62.17	16.8	21.74	56.2	31.2	92.6	19.14			435.17	93.53	91.68	32.68	7.55	14.29	23.85	46.36	11.03	14.6	87.48	76	36.85	17.85	15.45	28.51	10.46	21.68	86.28
12.7	32	16.75	41.64	12.45	8.82	34.25	6.13	17.3	3.64	84.89	1194	57.71	128.97	27.01	22.77	29.01	32.98	22.91	16.21	82.45	224.28	182.69	69.81	30.7	157.51	50.9	36.23	32.1	62	16.82	21.19	56.81	29.7	88.98	19.07			444.9	92	86.95	32.52	7.59	14.37	24.18	46.87	10.7	14.47	84.2	74.77	35.1	17.61	15.57	27.63	10.22	21.85	84.7
12.44	31.79	16.93	40.76	12.11	9.2	34.56	6.3	17.8	3.56	85.5	1182.06	60.8	128.7	28.65	22.8	29.14	32.45	22.15	15.58	79.15	213	182.5	66.84	30.41	162.87	50.91	36.58	32.09	63.52	16.2	20.9	57.65	29.55	88.12	19.31			445.99	89.22	87.91	31.22	7.67	14.85	24.45	48.9	10.2	14.91	84.35	75.03	34.03	17.87	15.25	27.05	10.1	21.77	83.03
12.6	31.75	16.66	40.8	11.74	8.85	34.7	6.42	17.66	3.7	85.4	1185	62.58	130.72	28.35	23.01	29.35	33.3	22.87	15.78	80.95	214.31	184.65	68.3	30.4	166.25	51.39	36	31.6	65.05	16.41	20.87	57.06	29.39	88.9	19.03			428.98	91	96.7	31.56	7.68	14.77	24.4	49.24	10.46	14.94	85.3	76.3	34.59	17.61	15.93	28.16	9.96	22.3	84.38
12.33	31.41	16.98	40.9	11.8	9.16	34.39	6.31	17.4	3.73	84.91	1189.95	62.27	131.49	28	22.05	29.48	34.58	22.19	16.41	77.21	219	183.01	67.9	30.46	166.79	50.48	36.65	31.84	68.86	16.54	21.19	56.92	29.98	89.65	19.14			438	89.94	99	30.7	7.47	14.66	24.94	48.8	10.82	14.89	85.83	75.94	33.78	17.32	15.04	27.5	10.39	22.38	84.07
12.7	31.08	16.92	41.02	11.74	9.13	34.18	6.28	17.24	3.77	84.4	1175.8	62.39	130.81	27.8	21.69	29.4	34.34	21.99	16.19	79.04	214.39	184.85	67.28	30.65	165.4	50.41	36.63	29.86	66.51	16.38	20.98	58.4	29.52	89.68	18.97			440.09	90.5	96.9	30.9	7.47	14.4	25.6	49.4	10.5	14.84	84.5	76.38	33.86	17.41	14.98	27.4	10.48	22.25	83.1
13.1	31.03	16.7	40.92	11.65	9.03	34.5	6.23	17.21	3.7	83.62	1129	62.15	127.55	27.7	21.78	29.09	34.03	21.69	16.63	76.43	214	179.7	67.78	30.71	171.6	48.68	36.03	30.1	65.46	16.66	21.52	58.11	29.94	85.9	18.89			433.68	86.8	100.99	30.46	7.43	14.43	25.22	48.41	10.47	14.48	81.75	75.13	33.46	17.06	14.79	27.34	11.09	22.21	83.8
13.35	30.52	16.91	40.89	11.7	8.91	36.02	6.25	17.29	3.68	83.29	1133	62.16	127	28.05	22.01	29.67	33.75	22.26	16.95	77.44	224	180.35	68.83	30.57	179.55	47.95	36.11	30.6	63.85	17.02	22	58.5	30.5	83.73	18.92			445	90.17	104.03	30.91	7.4	14.96	25.05	49.29	10.56	14.92	81.74	75.9	33	16.9	14.53	27.36	10.82	22.23	83.48
13.69	31.13	16.81	41.04	11.85	8.84	35.87	6.3	17.38	3.85	84.27	1118	61.4	126.04	28	21.93	30.38	33.52	22	17.6	79.97	246.4	180.03	72.26	30.67	181.7	48.31	36.46	31.03	64.65	17.09	22.44	58.2	30.83	84.55	19.06			454.48	89.95	102.42	31.22	7.45	14.96	24.78	49	10.45	15.04	80.36	75.46	33.03	16.93	14.47	27.86	11.26	22.2	83.88
13.58	31.28	16.47	42.21	11.62	8.68	35.89	6.25	17.18	3.96	84.07	1122.33	61.48	128.45	27.78	22.44	30.47	34.35	22.39	17.48	80.4	241.9	181.18	73.5	31.18	188.5	48.48	36.28	32.14	67.22	16.84	21.98	58.08	30.6	85.65	18.91			444.97	90.6	99.45	31.49	7.38	14.88	24.98	48.76	10.44	14.81	81.72	75.17	33.03	16.95	14.51	27.58	11.18	23	84.82
13.73	30.69	17.09	42.91	11.83	8.78	36.3	6.21	17.16	3.95	84.67	1129.8	62.99	128.16	27.8	22.41	30.22	36.05	22.68	17.77	81.81	243	182.3	73.56	31.95	194.05	49.2	36.38	31.93	68.84	17.14	22.28	57.8	31.09	85.91	19.02			433.87	90.4	102.5	31.69	7.34	14.9	25	49.86	10.94	15.29	81.49	76.65	33.37	16.93	14.51	28.13	11.14	23.32	86.28
13.8	30.59	17.12	42.68	12.04	9.08	37.77	6.18	17.17	3.93	84.74	1170	63.1	130.98	27.86	23.68	30.25	37.3	24.05	17.68	82.49	255	186.18	76.17	31.91	196.85	50.5	36.41	31.34	67.66	16.8	23.15	57.27	29.9	87.1	18.93			433.9	91.15	99.52	33.34	7.29	14.98	25.54	50.19	10.98	15.57	82.59	77.75	33.4	17.05	14.66	28.16	11.18	23.87	87.2
13.56	31.35	17.47	42.92	12.02	9.09	37.7	6.23	17.49	3.96	83.65	1158.7	64.11	130.49	28.17	24	30.85	36.36	24.32	17.4	81.35	259	181.9	81.6	31.6	199.11	50.86	36.27	30.47	66.39	17.53	22.74	57.08	31.85	83.62	18.91			424.47	88.7	100.64	32.48	7.18	15.54	25.76	50.7	10.8	15.55	82.36	77.46	32.49	16.88	14.36	28.6	11.18	23.8	85.3
13.35	31.13	17.53	44.16	12	9.14	37.98	6.32	17.25	3.95	83.59	1164.4	64.37	130.86	27.9	24.15	30.6	36.82	24.58	19.14	85.21	284.9	180.6	83.5	32.08	200	51.8	36.12	32.1	67.08	17.75	22.7	57.2	32.18	84.5	18.86			423.85	84	103.22	33.03	7.49	15.47	25.57	51.86	10.9	16.08	81.93	78.7	33.14	16.84	14.42	28.55	11.06	23.75	88.47
13.11	31.9	17.68	43.9	12.11	9.12	37.66	6.3	17.28	3.99	84.04	1158.98	65	128.82	28	24.15	30.22	35.79	23.59	18.37	87	289.1	178.45	79.92	31.85	210	51.88	36.4	35.31	65.26	17.82	22.6	57.6	31.65	85	19.3			421.94	82.35	102.8	32.75	7.59	15.58	24.8	51.2	10.65	16.07	80.89	78.43	33.4	17.29	14.47	28.54	10.88	23.58	88.6
12.94	32.13	17.7	44.02	12	9.1	37.95	6.32	17.16	3.97	84.04	1137	64.51	127.78	28	24.16	30.27	35.52	23.5	18.46	90.11	279.5	180.5	79.01	32.85	203.33	54.23	36.4	36.3	64.97	17.79	22.22	57.2	31.29	85.1	19.23			425.55	82.61	103.2	32.36	7.54	15.35	24.55	52.15	10.49	15.61	80.49	78.22	33.3	17.17	14.22	28.78	10.59	23.05	88.8
13.2	32.77	17.7	44.82	13.2	9.27	37.6	6.42	17.28	4.1	86.77	1163	64.5	129.52	28.15	23.75	30.65	36.7	23.75	18.74	89.55	258.1	185.3	78.7	33.2	204.99	58.34	37.5	36.87	67.68	18.92	22.55	58.23	31.77	86.85	19.61			426.69	83.25	102.85	32.33	7.57	15.7	24.23	51.95	10.62	15.73	82	79.03	33.9	18.51	14.29	28.9	10.81	23.18	90.12
13.58	33.1	18.04	45.45	13.67	9.22	40.09	6.45	17.39	4.02	85.64	1147.92	65.02	128.83	29.45	24.09	30.44	36.96	25.37	19.62	89.59	249.98	181.76	81	33.55	203.55	54.84	37.28	38.85	67.32	19.15	24.81	58.25	33.2	85.25	19.64			435	82.88	105	33.4	7.61	15.69	24.42	53.45	11.3	15.58	81.6	78.59	33.99	18.76	15.58	29.28	11.18	23.13	86.12
13.5	32.57	18.2	45.22	13.45	9.24	39.85	6.5	17.67	3.97	86.13	1169.98	64.4	130.25	30.45	24.1	30.79	37.71	25	19.82	90.25	252.48	181.75	79.82	33.59	205.97	53.44	37.5	39.39	69.62	19.02	25.94		32.8	86.04	19.98			435.89	83.76	100.88	33.06	7.68	15.99	24.8	53.3	11.28	15.65	83.04	78.8	34.01	18.66	15.51	29.69	11.18	23.75	85.61
13.32	32.21	17.94	45.51	13.51	9.09	40.99	6.44	17.57	4.12	85.98	1168	64.78	130.94	30.31	23.98	30.45	36.55	26.15	19.61	86.02		178.48	78.84	34.25	195.97	53.9	37.99		70.2	18.93	26.3		32.78	84.75	20			447	81.91	97.88	34.96	7.6	15.86	24.44	52.51	11.8	15.85	82.5	78.43	33.6	18.48	15.31	30.02	10.98	23.33	85.11
13.29	31.41	18	45.79	13.6	9.12	41.33	6.51	17.72	4.14	85.7	1157.4	64.53	129.86	31.03	24.14	29.95	36.1	25.97	19.34	85.89		179.3	78.36	34.49	195.3	52.95	37.77		70.33	18.15	26.65		32.72	84.86	19.91				81.65	95.61	35.01	7.58	15.86	24.41	52.3	11.82	15.65	82	78.3	33.18	18.6	15.3	29.7	10.9	25.66	85.47
13.09	31.8	17.61	44.41	13.4	9	42.13	6.45	17.77	4.19	85.53	1146.3	65.58	129.1	31.68	23.56	30.01	35.97	25.55	18.95	84.49		176.05	73.94	33.37	182.3	53.22	37.54		69.68	18.15	25.64		31.41	84.9	19.98				83.14	92.5	34.21	7.55	16	24.98	53.09	11.68	15.49	82.15	79.11	33.2	18.81	15.15	29.73	11.4	25.3	87.69
12.74	32.21	17.99	46.73	13.39	8.94	40.79	6.33	17.47	4.46	84.29	1149.3	65.58	128.14	31.01	22.79	29.85	35.39	25.55	18.53	85.99		174.55	71.75	32.26		52.18	37.4		71	17.87	25.45		29.3	85.23	19.76				80.18	93.6	33.2	7.71	15.64	24.83	53	11.15	15.69	81.61	78.35	33.21	18.96	15.17	30.09	10.92		86.83
12.84	32.36	18.75	46.32	13.8	9.24	42.2	6.35	17.62	4.49	84.46	1148		128.7	30.38	23.1	30.24	35.55	26.91	19.71	86.49		176.1	72.8	33.12		53	38.01		78.1	17.87	26.7		29.91	84.5	19.9				78.77	95.62	34.11	7.92	15.41		53.15	11.42	15.93	82.05	77.8	33.73	19.41	15.47	30.24	10.71		87.21
13.14	32	18.74	46.72	13.88	9.41	43.95	6.31	17.55	4.59	83.93	1133.7		128.1	30.29	23.4	29.98	35.5	27.76	19.79	86.4		175.95	73.54	33.75		52.51	37.79		77.53	18.08	26.27		29.91	83.38	19.76				78.18	94.88	34.1	7.8	15.3		53.96	11.28	16.55	80.86	77.57	33.51	19.12	15.02	30.41	10.66		87.12
13.06	32.58	18.84	47.81	13.91	9.55	44.39	6.42	17.69		84.43	1135.1		128.15	31.12	22.9	30.12	35.37	27.52	19.5	88		178.15	73.02	33.9		52.7	38.1		76.9	18	25.97		29.79	84.38	19.96				77.78	91.18	34.77	7.77	15.91		52.35	11.32	16.58	80.73	77.84	34.6	19.9	14.83	31.26	10.84		88.16
13	32.74	19.55	46.88	13.43	9.47	44.36	6.37	17.82		84.72	1163		129	31	22.6	30.64	35.38	26.45	18.76	87.62		175.48	71.1	33.64		52.14	37.86		79.14	17.51	25.99		29.42	84.38	19.96				82.97	92.35	33.84	7.62	15.87		54.4	10.98	16.65	81.71	77.26	33.81	19.45	14.7	31.01	10.82		88.12
13.07		19.39	48.27	14	9.99	43.95	6.43	18.26		85.89	1185.8		132.82	31.57	23.2	30.83	35.19	26.85	18.6	87.25		178.12	71.58	34.35		52.24	37.83		79.7	17.6	25.59		30.03	85.5	19.76				85.1	92.5	34.74	7.57	16.27		56.05	11	16.78	85.73	77.86	33.58	19.31	14.57	30.8	10.91		89
13.13		19.87	48.6	13.85	9.84	44.14	6.44	18.25		85.46	1183		133.01	32.18	22.85	30.94	36.5	26.93	18.36	87.79		181.9	71.69	35.39		51.96	37.58		82.39	18.27	25.69		30.1	87.52	19.8				88.79		34.96	7.54	16.18		56.17	10.85	17.05	86.68	78.75	35.15	19.5	14.89	30.91	10.91		88.95
